	H2	H3	H4	J2	J3	J4	J5	J6	L1	L2	L3	L4	L5	L6	M1	M2	M3	M4	M5	M6	N1	N2	N3	N4	N5	N6	O1	O2	O3	O4	O6	R1	R2	R3	R4	R5	R6	S1	S2	S3	S4	S5	S6	S7	T1	T2	T3	T4	T5	V1	V2	V3	V4	V5	V6	X1	X2	X3	X4	X5	X6	Z2	Z3	Z4	Z5
OTU_1	53.09485614	2320.280691	128.0823979	1676.368585	350.8616378	173.7925122	1677.821121	311.7587743	0.318851763	0	0	0.766533717	0.887743044	0.954823801	87.89569319	90.79218226	88.27636246	104.1327725	139.2874677	82.67524914	2138.559559	113.5073119	1136.020213	692.6545176	219.5125	1867.451042	0	0	0	0	0.249351276	1.958603255	411.3356728	215.5244319	3.335844995	24.64763528	3.119577211	99.33405095	224.506378	45.35413056	270.9975837	188.0339546	88.02252693	30.90277443	84.00984201	18.29760388	125.2707804	289.8203	228.1555217	138.2566027	35.83861225	40.71422501	11.88461213	1.819180069	18.32282223	146.797715	206.4164022	363.2193051	0	380.3785477	195.1625659	113.2535322	123.5662175	102.0525127	207.8750098
OTU_10	0	0.163262081	0.162747647	0	0	0	0.159777271	0.184037057	674.0526275	1005.590381	153.4976018	229.5768482	499.3554625	37.71554015	143.4847558	361.5758837	195.70703	87.76698212	101.4328464	151.09062	0.144253596	0.166922518	0.334074463	0	0.81984127	0.976870641	227.2710148	131.7714898	147.9256863	92.99951223	438.1101925	4.243640386	14.35235981	8.840802637	9.451560818	24.35421105	4.559382078	67.45819878	354.4237744	176.9076321	38.03474859	328.8616288	118.0378714	170.962123	548.7394457	168.9395208	374.9827332	246.2977976	243.9059029	91.91889047	6.719739797	2.524062467	80.5706793	3.210317769	10.17934568	20.37060803	110.4209725	29.98483667	4.881554878	35.41061555	15.79455185	754.1883452	141.558002	204.7488898	410.9082103
OTU_100	0	0	0	0	0	0	0	0	0	0	0	0.191633429	0	0	0	0	0	0	0	0	0	0	0	0	0	0	0	0.947996329	0.862540445	0	0.249351276	0	0.295924944	0	0	0	0	0.741298888	0	0	0	0	0	0.498431846	39.5969956	2.50652108	10.78490162	13.18863709	4.9501198	0	0	0	0	0	0	0	0.262282595	0	0	0	0	30.06730944	5.092014459	23.17911959	24.85462073
OTU_1004	0	0	0	0	0	0	0	0	0	0	0	0	0	0	0	0	0	0	0	0	0	0	0	0	0	0	0	0	0	0	0	0	0	0	0	0	0	0	0	0	0	0	0	0	4.013209013	16.29238702	25.71784232	17.14522822	7.650185145	0	0	0	0	0	0	0	0	0	0	0	0	2.756170032	12.56030233	6.116712115	2.90508554
OTU_101	0	0	0	0	0	0	0	0	0.318851763	0	0	0	0	0	0	0	0	0	0	0	0	0	0	0	0	0	0	0	0	0	0	0	0	0	0.555974166	0	0	0	0	0	0	0	0.674502122	0.498431846	0	103.5193206	60.00829876	29.67443345	64.35155739	0	0	0	0	0	0	0	0	0	0	0	0	69.65593354	104.5560302	116.8613946	65.84860558
OTU_1032	0	0	0	0	0	0	0	0	0	0	0	0	0	0	0	0	0	0	0	0	0	0	0	0	0	0	0	0	0	0	0	0	0	0	0	0	0	0	0	0.265228834	0	0	0	0	13.91245791	0.751956324	0.276535939	0	1.800043563	0	0	0	0	0	0	0	0	0	0	0	0	7.51682736	8.826158396	1.9315933	0.645574564
OTU_104	0	0	0	0	0	0	0	0	0	0	0	0	0	0	0	0	0	0	0	0	0	0	0	0	0	0	2.202950062	37.60385439	0	0	0	0	0	0	0	0	0	0	0	1.060915335	0.475434357	0	0.337251061	0	17.12302512	23.05999393	7.189934413	24.39897861	18.00043563	0	0	0	0	0	0	0	0.131141297	0.268520925	0	0.190379654	0	5.261779152	9.505093658	27.68617063	1.936723693
OTU_105	0	0	0	0	0	0	0	0	0	0	0	0	0	0	0	0	0	0	0	0	0	0	0	0	0	0	0	0	0	0	0	0	0.147962472	0	0	0	0	0	0	0	0	0	0	0	0	0	0	0	0	0	0	0	0	0	0	4.850144769	38.29325885	4.654362707	0	28.74732768	0.181546573	0	0	0	0
OTU_1061	0	0	0	0	0	0	0	0	20.40651285	7.708955224	1.165804571	3.449401725	2.219357611	3.819295205	0	0	0	0	0	0	0	0	0	0	0	0	4.773058468	5.687977975	3.018891556	1.727545119	2.493512763	0	0	0.238940612	0	0	0	0	0	0	0	0	0	0	18.72830873	12.28195329	13.82679695	6.264602617	3.150076236	0	0	0	0	0	0	0	0	0	0	0	0	6.013461888	51.25961222	44.74857811	9.360831185
OTU_1065	0	0	0	0	0	0	0	0	18.81225403	7.708955224	1.165804571	3.641035154	6.214201311	2.387059503	0	0	0	0	0	0	0	0	0	0	0	0	4.038741781	6.003976751	1.725080889	1.727545119	1.496107658	0	0	0	0	0	0	0	0	0	0.475434357	0	0	0	8.026418026	1.503912648	1.659215634	0.329715927	0.450010891	0	0	0	0	0	0	0	0	0	0	0	0	4.510096416	4.413079198	2.897389949	3.550660105
OTU_1071	0	0	0	0	0	0	0	0	0	0	0	0	0	0	0	0	0	0	0	0	0	0	0	0	0	0	0	0	0	0	0	0	0.147962472	0	0	0	0	0	0	0	0	0	0	0	25.95208495	48.62650895	16.59215634	63.96488988	42.30102374	0	0	0	0	0	0	0	0	0	0	0	0	5.512340064	24.10220177	13.19922088	2.90508554
OTU_108	0	0	0	0	0	0	0	0	0	0	0	0	0	0	0	0	0	0	0	0	0	0	0	0	0	0	0	0	0	0	0	0	0	0	0	0	0	0	0	0	0	0	0	0	0	0	0	0	0	0	0	0	0	0	0	0	19.14662943	0	0.157469512	0	0	0	0	0	0
OTU_11	0.164890858	0	0	0	0	0	0	0	0.318851763	0	1.165804571	0	0	1.432235702	99.08569931	198.4685247	329.2874879	21.72450053	39.60850341	66.97336074	0	0	0	0.175934599	1.024801587	0	0.367158344	0	1.725080889	0	0	0.652867752	0.591849889	0	0.555974166	0	0.239967478	0.370649444	0.854719713	0	1.90173743	7.911667092	0	0	1.07018907	1.002608432	0.276535939	0	0	0	0.159993805	0.219483693	0	0	0	0	0.262282595	5.907460359	1.732164634	0.380759307	0	0	0	0	0
OTU_111	0	0	0	0	0	0	0	0	0	0	0	0	0	0	0	0	0	0	0	0.480670053	0	0	0	0	0	0	0.367158344	0	0	0	118.192505	0	0	0	0	0	0	0	0	0	0.475434357	0	0	0	0.267547268	0.250652108	0	0.329715927	0	0	0	0	0	0	0	0	0	0	0	0	0	0	0	0	0
OTU_1110	0	0	0	0	0	0	0	0	0	0	0	0	0	0	0	0	0	0	0	0	0	0	0	0	0	0	0	0	0	0	0	0	0	0	0	0	0	1.482597775	0	0.530457667	0.475434357	0.527444473	1.011753183	0.996863691	0.535094535	0.501304216	0	0.329715927	0	9.456675974	2.71989468	2.41432062	3.320700448	3.424338953	16.28695309	2.1017294	0.262282595	2.327181353	5.983841463	0.761518614	3.994024605	0.501121824	0	0	0
OTU_1117	0	0	0	0	0	0	0	0	2.550814106	8.851022664	1.554406094	0.574900288	2.219357611	0	0	0	0	0	0	0	0	0	0	0	0	0	1.101475031	2.211991435	0.431270222	0.575848373	2.244161487	0.326433876	0	0	0.555974166	0.29342423	0	0	0	0	0	0	0	0	0	0	0	0	0	1.323934636	0.319987609	0.438967386	1.223415955	0.856084738	3.257390619	0	0	0	0	0	0	0	0	0	0
OTU_1119	0	0	0	0	0	0	0	0	0	0	0	0	0	0	0	0	0	0	0	0	0	0	0	0	0	0	0	0	0	0	0	0	0.887774833	0	0	0	0	0	2.279252568	1.326144168	0	1.054888946	1.349004244	0.996863691	1.337736338	0.250652108	0.276535939	0.329715927	0.450010891	14.94154804	14.55943623	5.377350473	10.13687505	9.84497449	7.73630272	1.940057908	0.393423892	1.790139503	5.668902439	1.332657575	3.630931459	1.25280456	0	0	0
OTU_112	0	0	0	0	0	0	0	0	0	0	0	0	0	0	0	0	0	0	0	0	0	0	0	0	0	0	0	0	0	0	0	0	0	0	0	0	0	0	0	0	0	0	0	0	0	0	0	0	0	44.25724356	0	0.438967386	0	0.642063554	0	0.323342985	0	0	0	0.380759307	0	0	0	0	0
OTU_1122	0	0	0	0	0	0	0	0	0	0	0	0	0	0	0	0	0	0	0	0	0	0	0	0	0	0	0	0	0	0	0.249351276	8.160846895	10.653298	29.86757648	0.555974166	14.08436302	1.919739822	1.482597775	13.96042198	31.29700237	0.950868715	0	1.011753183	0	0.267547268	0.751956324	0.276535939	5.93488669	0.900021782	4.539204467	29.75884767	23.70423882	2.971153033	17.76375832	43.97477335	0.808357461	0.131141297	2.058660428	7.716006098	2.094176189	3.267838313	1.25280456	0	0	0
OTU_113	0.164890858	0	0	0	0	0	0	0	0	0	0	0	0	0	0	0	0	0	0	0	0	0	0	0	0	0	0	0	0	0	0	0	0	0	0	0	0	8.895586652	17.94911398	0.795686501	15.68933379	0.527444473	0.337251061	0	0	0	0	0	0	0	0	0	0.174773708	0	0	15.19712028	0.786847785	15.57421367	50.23277439	9.70936233	34.13075571	0	0	0	0
OTU_116	0	0	0	0	0	0	0	0	0	0	0	0	0	0	0	0	0	0	0	0	0	0	0	0	0	0	0	0	0	0	0	0	26.78120748	11.70808998	1.667922497	0	0.959869911	0	0	0	0	0	0	0	0	0	0	0	0	25.34389161	17.75931232	17.55869542	47.18890111	21.29510787	0	0	0	0	0	0	0	0	0	0	0
OTU_1160	12.0370326	0	8.788372917	0	0	0	0	0	0	0	0	0	0	0	0.18048397	1.114991712	0.333118349	0	0.146156839	0	0	11.35073119	0	0	0	0	0	0	0	0	0	1.632169379	3.994986751	5.017752848	3.335844995	7.922454197	0.239967478	1.482597775	3.703785424	0.265228834	1.426303072	0.263722236	1.349004244	0	0	0	0	0	0	5.484872065	16.63935569	12.29108679	10.13687505	23.11428793	16.28695309	6.305188199	6.16364098	2.416688329	0	1.903796535	3.267838313	7.767388272	5.092014459	31.54935723	22.59510976
OTU_1169	0	0	0	0	0	0	0	0	9.246701134	3.426202322	0	1.533067433	3.107100655	1.432235702	0	0	0	0	0	0	0	0	0	0	0	0	2.202950062	3.47598654	2.156351112	0.863772559	1.496107658	0	0	0	0	0	0	0	0	0	0	0	0	0	5.083398083	1.754564756	2.488823451	0.329715927	0	0	0	0	0	0	0	0	0	0	0	0	0	3.507852768	2.036805784	1.9315933	5.164596516
OTU_117	0	0	0.162747647	0	0	0.138369835	0.319554542	0	0.95655529	1.142067441	11.26944418	10.5398386	18.19873241	5.728942808	0.18048397	0	0	0	0	0	0	0.166922518	0.167037232	0	0	0	13.58485872	11.37595595	13.80064711	10.36527071	5.735079356	0	0	0	0	0	0.239967478	6.671689989	3.703785424	5.03934784	20.91911172	1.318611182	10.79203395	10.9655006	0.267547268	0.250652108	0	0	0	0.756534078	0.959962828	0.219483693	0.524321123	0.428042369	0.407173827	21.34063698	8.261901739	12.70999047	0	23.22631773	1.997012302	0.501121824	0.339467631	0.321932217	0.968361847
OTU_1173	0	0	0	0	0	0	0	0	0	0	0	0	0	0	0	0	0	0	0	0	0	0	0	0	0	0	0	0	0	0	0	0	0	0	0	0	0	0	0	0	0	0	0	0	12.03962704	16.54303913	13.27372507	14.17778487	19.35046831	0	0	0	0	0	0	0	0	0	0	0	0	26.30889576	27.49687808	22.53525516	18.07608781
OTU_1175	0	0	0	0	0	0	0	0	0	0	0	0	0	0	0	0	0	0	0	0	0	0	0	23.75117091	1.434722222	0	0	0	0	0	0	0	0	0	0	0	0	0	0	0	0	0	0	0	0	0	0	0	0	0	0	0	0	0	0	0	0	0	0	0	0	0	0	0	0
OTU_118	0	0	0	0	0	0	0	0	0	0	0	0	0	0	0	0	0	0	0	0	0	0	0	0	0	0	91.42242758	50.24380545	24.58240267	25.33732841	21.44420976	0	0	0	0	0	0	0	0	0.265228834	0	0	0	0	0	0	0	0	0	0	0	0	0	0	0	0	0	0	0	0	0	0	0	0	0
OTU_1192	0	0	0	0	0	0	0	0	0	0	0	0	0	0	0	0	0	0	0	0	0	0	0	0	0	0	0	0	0	0	0	0	0	0	0	0	0	0	0	0	0	0	0	0	0	6.266302699	2.212287512	0	1.800043563	0	0	0	0	0	0	0	0	0	0	0	0	3.006730944	3.055208676	6.116712115	1.613936411
OTU_12	156.316533	0	120.2705109	0	0.416700282	0.276739669	1.118440896	0	0.318851763	0.57103372	0.388601524	0.383266858	0.443871522	0.954823801	207.917533	103.3756602	176.8858433	221.1554154	133.4411942	70.97894451	0	60.7597964	0.334074463	0	0.204960317	0.162811774	2.570108406	0.947996329	3.881432001	0	1.246756382	95.97155949	511.3583041	213.3739663	86.73196986	415.488709	36.47505662	128.615357	269.5216162	363.3635022	374.6422736	193.044677	261.7068234	461.0494572	125.4796685	7.770215347	85.44960514	1.978295563	83.7020257	348.7622099	761.2505227	615.6517582	553.5083326	623.0156683	515.8892393	238.1421081	321.6896026	546.7981111	1.102286585	432.9233321	2.541652021	49.10993875	115.4189944	49.57756136	62.94352004
OTU_120	0	0	0	0	0	0	0	0.368074114	0	0	0	0	0	0	0	0	0	0	0	0	0	0	0	0	0	0	0	0.315998776	0	0	0	0	0.147962472	1.433643671	2.223896663	0	0	1.853247219	0.854719713	0	0	0.263722236	0	0	0	0	0	0	0	0	0	0	0	0	0	0	0	0	0	0	0	0	0	0	0
OTU_1204	0	0	0	0	0	0	0	0	1.91311058	2.569651741	0	0.191633429	0.443871522	0	0	0	0	0	0	0	0	0	0	0	0	0	0.367158344	0	0	0	2.74286404	0	0	0	0	0	0	0	0	0	0	0	0	0	0	0	0	0	0	0	0	0	0	0	0	0	0	0	0	0	0	0	0	0	0
OTU_121	0	0	0	0	0	0	0	0	0	0	0	0	0	0	0	0	0	0	0	0	0	0	0	0	0	0	0	0	0	0	0	0	0	0	0	0	0	0	0	0	0	0	0	0	0	0	0	0	0	0	0	0	0	0	0	0	0	0	0	0	0	29.31562671	0	18.99400078	49.70924147
OTU_122	0	0	0	0	0	0	0	0	0	0	0	0	0	0	0	0	0	0	0	0	0	0	0	0	0	0	0	0	0	0	0	0	0	0	0	0	0	0	0	0	2.377171787	0	0	0	0	0	0	0	0	0	0	0	0	0	0	35.24438532	0	0	55.90167683	0	39.75869947	0	0	0	0
OTU_125	0	0	0	0	0	0	0	0	0	0	0	0	0	0	0	0	0	0	0	0	0	0	0	0	0	0	0	0	0	0	0	0	0	2.389406118	0	0	0	0	0	0	0	0	0	0	0	0	0	0	0	0	0	0	0	0	0	0	0	0	0	0	0	0	0	0	0
OTU_1278	0	0	0	0	0	0	0	0	0	0	0	30.08644838	12.42840262	16.70941652	0	0	0	0	0	0	0	0	0	0	0	0	92.52390261	84.05567452	0.862540445	2.591317678	2.244161487	2.285037131	18.05142161	4.061990401	1.667922497	17.898878	0.959869911	0	0	0.265228834	0	0	1.011753183	0	0	0	0	0	0	12.6719458	7.83969643	14.48592372	15.20531258	14.44642996	6.514781238	0	0	0	0	0	0	0	0	0	0
OTU_128	0	0	0	0	0	0	0	0	0	0	0	0	0	0.477411901	0	0	0	0	0	0	0	0	0	0	0	0	0	0.315998776	0	0	0	0	0	0	0	0	0	0	0	0	0	0	0	0	0	0	0	0	0	0	0	0	0	0	0	0	21.11374889	5.549432458	0.157469512	3.997972724	0	0	0	0	0
OTU_1285	0	0	0	0	0	0	0	0	68.87198086	59.38750691	35.36273864	30.66134867	58.14716941	44.87671866	0	0	0	0	0	0	0	0	0	0	0	0	35.98151768	18.64392781	29.32637512	13.53243676	18.45199445	0	0	0	0	0	0	0	0	0	0	0	0	0	0.267547268	0	0	0	0	0	0	0	0	0	0	0	0	0	0	0	0	0	0	0	0
OTU_129	0	0	0	0	0	0	0	0	0	0	0	0	0	0	0	0	0	0	0	0	0	0	0	0	0	0	0	0	0	0	0	0.652867752	0	0.238940612	0.555974166	0	0	0	0	0	0	0	0	0	0	61.66041856	37.6088877	58.03000319	39.6009584	0	0	0	0	0	0	0	0	0	0	0	0	12.5280456	7.468287874	0.96579665	35.50660105
OTU_1296	3.792489724	48.32557588	4.719681752	11.73539505	48.47613285	15.91253098	21.09059974	86.49741671	0.318851763	0	0.388601524	0	0	0	0	0	0.333118349	0	0.146156839	0.160223351	25.24437928	5.174598045	32.73929741	44.33551903	77.06507937	53.40226171	0	0	0.431270222	0	0.997405105	0	0	0	0	0	0	0	0	0	0	0	0	0	0	0	0	0	0	0	0	0	0	0	0	0	0	0	0	0	0	0	0	0.321932217	0
OTU_13	0	0.163262081	0	0.162991598	0.138900094	0.276739669	0.159777271	0.184037057	0.318851763	0	0	0.191633429	0.443871522	0	131.0313619	117.8705524	33.47839407	62.1320715	62.55512716	155.7370972	0.144253596	0.166922518	0.167037232	0	0	0.814058868	0.734316687	2.527990211	125.9309049	121.7919309	184.7692958	0	0	0.477881224	0	0	0	0.370649444	0	0	0	0.263722236	0.674502122	0.498431846	0.267547268	0.250652108	0	0	0.450010891	0	0.319987609	0	0	0.107010592	0	0	0	0	0	0	0	0	0	0	0
OTU_130	0	0	0	0	0	0	0	0	0.318851763	0	0	0	0	0	0	0	0	0	0	0	0	0	0	0	0	0	6.241691843	10.11196084	0.862540445	13.82036095	23.1896687	0	0	0	0	0	0	0	0	0	0.950868715	0	0	0	0.267547268	0	1.106143756	0	0.900021782	0	0.159993805	0	0	0	0	0	0	0	0	0	0	0	0	0	0
OTU_131	0	0	0	0	0	0	0	0	0	0	0	0	0	0	0	0	0	0	0	0	0	0	0	0	0	0	0	0	0	0	0	0	0	0	0	0	0	0	0	0	0	0	0	0	0	0	0	0	0	50.4986497	10.87957872	14.81514926	50.50960156	11.34312278	8.957824202	0	0	0	0	0	0	0	0	0	0
OTU_135	0	0	0	0	0	0.138369835	0	0	0	0.28551686	0.388601524	0.383266858	0	0	0.721935878	0.477853591	3.830861013	0	0.146156839	0.320446702	0	0	0	0	0	0	0	0	0	0.287924186	1.496107658	0	5.030724056	0.716821835	0	0	0	0.370649444	0	5.569805507	0	0	9.78028077	8.971773221	0	0	0.276535939	0	0	0	0	0	0	0	0	7.436888645	7.999619144	4.385841781	94.79664634	1.903796535	8.351142355	0	0	0	0
OTU_1352	0	0	0	0	0	0	0	0	0	0	0	0	0	0	0	0	0	0	0	0	0	0	0	0	0	0	0	0	0	0	0	6.20224364	2.367399556	14.0974961	2.223896663	8.215878426	0.719902433	0.741298888	4.273598566	15.38327235	0	0	0.337251061	0.498431846	0.535094535	0.751956324	0	1.318863709	1.350032673	2.458735753	10.71958491	10.31573356	1.048642247	10.80806982	19.54434371	1.778386415	0.131141297	0.716055801	4.724085366	0.380759307	0.726186292	0.501121824	0.339467631	0	0
OTU_136	0	0	0	0	0	0	0	0	0.318851763	0	0	0	0.443871522	0	0	0	0	0	0	0	0	0	0	0	0	0	0	0.315998776	0	0	0.748053829	0	0	0	0	0	0	0	0	0	0	0	0	0	0	0.501304216	0.276535939	0	0	0	0	0	0	0	0	0	0	0	0	0	0	0	0	0	0
OTU_1378	0.494672573	0	1.301981173	0	0	0	0	0	0.637703527	0	159.3266247	0.574900288	0.887743044	0	0.902419848	1.433560773	0.999355047	0.868980021	0.876941035	0.320446702	0	1.502302658	0	0	0	0	0.367158344	0.631997553	148.7882267	154.6152881	78.54565204	133.1850213	69.24643701	103.9391661	56.15339074	97.71026843	3.119577211	117.4958737	73.7908019	127.0446113	45.64169831	183.5506765	149.40222	111.6487334	50.2988863	113.0441007	79.91888636	81.1101181	105.7525594	80.00347874	90.71648726	115.7776479	84.24092716	114.2873126	66.77650769	81.8057751	137.0426558	67.84628715	127.2353659	99.9493181	122.5439367	65.89751986	135.108117	99.79898714	80.37403328
OTU_138	0	0	0	0	0	0	0	0	75.88671965	106.4977888	23.70469294	40.24302013	33.73423569	15.75459272	0	0	0	0	0	0	0	0	0	0	0	0	34.88004265	9.795962068	7.762864002	5.182635356	5.485728079	0	0	0	0	0	0	6.671689989	0	0.265228834	0	0	0	0	9.899248899	0	2.76535939	3.956591127	9.900239599	0	0	0	0	0	0	1.940057908	0	0.447534876	0	0.380759307	0	4.259535504	1.018402892	52.79688352	7.424107492
OTU_1383	0	0	0	0	0	0	0	0	1.91311058	4.568269762	0	0.383266858	0	0.477411901	0	0	0	0	0	0	0	0	0	0	0	0	0	0.315998776	0	0	1.994810211	0	0	0	0	0	0	0	0	0	0	0	0	0	0	0	0	0	0	0	0	0	0	0	0	0	0	0	0	0	0	0	0	0	0
OTU_139	0	0	0	0	0	0	0	0	0	0	0	0	0	0	0	0	0	0.144830004	0	0	0	0	0	0	0	0	0	0.315998776	0	0	0.498702553	0	0	0	0	0	0	0.370649444	0	0.265228834	0	0	0	0	0	0	0.829607817	0	0	0	0.479981414	0	0	0	0.407173827	0	0	1.074083702	0	0.190379654	0	0	0	0	0
OTU_14	0	46.69295508	0	0.162991598	6.528304424	1.383698346	0.958663625	1.104222341	0	0	0	0	0	0	0	0	0	0	0	0	67.07792208	0	350.9452238	1737.002299	160.4839286	152.39182	0	0	0	0	0	0	0	0	0	0	0	0	0	0	0	0	0	0	0	0	0	0	0	0	0	0	0	0	0	0	0	0	0	0	0	0	0	0	0
OTU_140	17.31354005	0	34.17700579	0	0	0	0	0	9.884404661	1.998618021	1.165804571	2.491234579	1.775486089	0.954823801	10.64855421	10.67206353	5.996130281	13.03470032	16.51572283	16.0223351	0	38.22525652	0	0	0	0	2.202950062	1.895992658	2.587621334	1.151696746	0.997405105	0	0	0	0	0	0	0	0	0	0	0	0	0	0	0	0	0	0	0	0	0	0	0	0	0	0	0	0	0	0	0	0	0	0
OTU_141	0	0	0	0	0	0	0	0	0.95655529	0.57103372	1.165804571	1.533067433	1.331614567	1.909647603	0	0	0	0	0	0	0	0	0	0	0	0	0	0	0.431270222	0	0	0	0.443887417	0	0	0	0	0	0	0	0	0	0	0	0	0	0	0	0	0	0	0	0.174773708	0	0	0	0	0	0	0	0	0	0	0	0
OTU_142	0	0	0	0	0	0	0	0	0	0	0	0	0	0	0	0	0	0	0	0	0	0	0	0	0	0	0	0	0	0	0	0	0	0	0	0	0	5.930391102	11.96607598	4.508890173	0.475434357	0.263722236	1.686255305	3.987454765	0	0	0	0	0	0	0	0	0	0	0	0	0	2.237674378	0	6.092148913	0	0	0	0	0
OTU_1447	0	0	0	0	0	0	0	0	68.23427734	23.69789939	5.051819806	11.30637232	19.08647545	8.593414211	0	0	0	0	0	0	0	0	0	0	0	0	5.874533499	15.79993882	4.312702223	4.89471117	6.981835737	0	0	0	0	0	0	0	0	0	0	0	0	0	2.675472675	1.25326054	0.553071878	0	0	0	0	0	0	0	0	0	0	0	0	0	0	1.002243648	0.339467631	0.321932217	0.322787282
OTU_145	0	0	0	0	0	0	0	0	0	0	0	0	0	0	0	0	0	0	0	0	0	0	0	0	0	0	0	0	0	0	0	0	0	0	0	0	0	0	0	0.265228834	0	0	0	0	6.421134421	4.010433728	9.125685986	10.22119374	5.850141581	0	0	0	0	0	0	0	0	0	0	0	0	9.521314656	11.20243181	6.760576549	7.424107492
OTU_146	0	0	0	0	0	0	0	0.184037057	0	0	0	0	0	0	0	0	0	0	0	0	0	0	0	0	0	0	0	0	0	0	0	0.326433876	0	0	0	0	0	0	0	0	0	0	0	0	0	0	0	0	0	0	0	0	0	0	0	0	0	0	0	0	0	0	0	0	0
OTU_1474	0	0	0	0	0	0	0	0	0	0	0	0	0	0	0	0	0	0	0	0	0	0	0	0	0	0	0	0	0	0	0	0	0	0	0	0	0	0.370649444	1.994345997	0	0	0	0	0	0	0	0	0	0	0.189133519	0.479981414	0.329225539	0	0	0	0.161671492	35.14586772	0	0	0	0	0	0	0	0
OTU_148	0.494672573	0	1.790224113	0	0	0	0	0	0.318851763	1.142067441	0.388601524	0.574900288	0.887743044	0.954823801	0.18048397	0.796422651	0.166559174	0	0	0	0	0.834612588	0	0	0	0	0.734316687	0.315998776	0	0	0.748053829	0.326433876	0	0	0	0	0	5.559741658	8.262290561	0.530457667	18.06650558	4.747000255	0.337251061	0.996863691	0.267547268	0	0	0	0	0	0	0	0	0	0	0.485014477	0.262282595	0	0	0	0.544639719	0.250560912	0.678935261	0.321932217	0
OTU_15	0.329781715	0.163262081	0	27.05660526	0.277800188	4.566204541	0.319554542	0.184037057	0	0	0	0	0	0	0.721935878	0.637138121	0	0	0.438470517	0	263.1185589	0	9.187047742	10.20420676	2.869444444	0	0	0.315998776	0	0	0	0	0	0	0	0	0.239967478	0	0	0	0.475434357	0	0	0	0	0	0	0	0	0	0	0	0	0	0	0	0	0	0	0	0	0	0	0	0
OTU_1514	0	4.244814098	0	0	0.138900094	8.16382024	0.479331812	0.368074114	0	0	0	0	0	0	0	0	0	0	0	0	1.009775171	0	0.334074463	0.527803798	14.34722222	6.512470941	0	0	0	0	0	0	0	0	0	0	0	0	0	0	0	0	0	0	0.267547268	0.501304216	0	0	0	0	0	0	0	0	0	0	0	0	0	0	0	0.501121824	0	0.643864433	0.968361847
OTU_1519	0	0	0	0	0	0	0	0	12.43521877	3.997236042	0	2.682868009	3.107100655	2.387059503	0	0	0	0	0	0	0	0	0	0	0	0	2.202950062	2.527990211	0.862540445	1.151696746	0.498702553	0	0	0	0	0	0	0	0	0	0	0	0	0	6.421134421	0.501304216	1.106143756	0.659431854	0	0	0	0	0	0	0	0	0	0	0	0	0	3.507852768	0	0	2.582298258
OTU_1521	0	0	0	0	0	0	0	0	3.188517633	1.142067441	0.388601524	0.958167146	0.443871522	0.477411901	0	0	0	0	0	0	0	0	0	0	0	0	1.101475031	1.263995106	0.862540445	0.863772559	0.249351276	0	0	0	0	0	0	0	0	0	0	0	0	0	5.350945351	3.007825296	3.871503145	1.648579636	2.250054454	0	0	0	0	0	0	0	0	0	0	0	0	1.503365472	13.57870523	10.94569536	3.227872822
OTU_153	0	0	0	0	0	0	0	0	0	0	0	0	0	0	0	0	0	0	0	0	0	0	0	0	0	0	0	0	0	0	0	0	0	0	0	0	0	0	0	0	0	0	0	0	0	0	0	0	0	0	0	0	0	0	0	0	0	0	0	0	0	0	0	0	0
OTU_1533	6.595634303	0	8.462877624	0	0	0	0	0	0	0	59.4560331	80.86930711	112.2994951	51.56048527	5.053551149	1.592845303	3.497742664	2.027620049	3.50776414	3.364690372	0	5.341520562	0	0	0	0	59.47965168	86.89966351	11.644296	68.23803219	83.78202885	6.20224364	25.89343264	20.78783323	3.335844995	26.40818066	0	11.49013276	12.53588913	23.6053662	24.24715223	4.219555782	23.27032321	9.968636912	17.12302512	26.06781923	40.92731897	16.81551229	24.750599	10.59147709	15.67939286	18.2171465	19.57465527	19.3689172	11.80804099	17.62219266	22.03173797	18.79646478	0	23.98783634	17.06537786	34.07628403	6.449884982	9.336034281	29.0508554
OTU_155	0	0	0	0	0	0	0	0	0	0	0	0	0.443871522	0	0	0	0	0	0	0	0	0	0	0	0	0	0	0	0	0	0	0	0	0	0	0	0	0	0	0	0	0	0	0	3.478114478	0	0	0	0	0	0	0	0	0	0	0	0	0	0	0	0	0	0	0	0
OTU_16	227.0547109	0	205.0620347	0.162991598	0	0	0.159777271	0	0	0	0	0.191633429	0	1.432235702	35.91630995	52.40461046	14.9903257	10.86225026	16.22340915	17.30412191	0	325.4989093	0	0	0	0	0.734316687	0	0	0	0	0.979301627	0.295924944	0.238940612	0.555974166	0.29342423	0.239967478	11.49013276	18.80383369	72.67270043	35.18214245	16.08705642	85.99902057	134.5765983	55.64983165	250.652108	395.1698568	329.3862113	168.3040732	0	0	0.109741846	0	0.107010592	0	21.98732295	61.6364098	43.32137596	29.7617378	34.45871729	28.68435852	55.62452247	258.3348669	111.3885469	50.35481603
OTU_161	0	0	0	0	0	0	0	0	112.2358207	167.0273632	21.3730838	9.581671459	40.39230852	12.89012132	0	0	0	0	0	0	0	0	0	0.175934599	0	0	39.65310112	21.80391557	32.7765369	7.773953035	30.42085571	1.958603255	0.147962472	0.477881224	1.667922497	12.32381764	0	0	0	0	0	0	0	0	0.267547268	0	0.276535939	0.329715927	0	5.484872065	5.11980175	7.133220015	4.718890111	9.630953306	36.23847063	0	0.131141297	0.089506975	0	0.190379654	0.181546573	0	0	0.321932217	0
OTU_164	0	0	0	0	0	0	0	0	0	0	0	0	0	0	0	0	0	0	0	0	0	0	0	0	0	0	0	0	0	0	0	0	0	0	0	0	0	0	0	0	0	0	0	0	6.956228956	3.258477404	8.849150047	10.22119374	8.100196036	0	0	0	0	0	0	0	0	0	0	0	0	8.268510096	7.128820243	4.185118816	7.746894774
OTU_1673	0	0	0	0	0	0	0	0	0	0	0	0	0	0	0	0	0	0	0	0	0	0	0	0	0	0	0	0	0	0	0	0	0	0	0	0	0	0	0	0	0	0	0	0	4.013209013	2.757173188	3.041895329	2.637727418	4.050098018	0	0	0	0	0	0	0	0	0	0	0	0	7.51682736	6.449884982	5.794779899	5.81017108
OTU_17	0	0	0	2.444873969	0.277800188	0.138369835	0.798886354	0.736148227	0	0	0	0	0	0	0	0.318569061	0	0	0	0.160223351	150.1679933	0	8.685936047	8.796729967	3.894246032	0	0	0	0	0	0	0	0	0	0	0	0	0	0	0	0	0	0	0	0	0	0	0	0	0	0	0	0	0	0	0	0	0	0	0	0	0	0	0	0
OTU_170	201.3317371	0	144.5199102	0	0.138900094	0.138369835	0	0	0	0	0	0	0	0	5.955970997	10.99063259	9.493872944	1.737960042	3.361607301	5.127147233	0	190.9593601	0.167037232	0	0	0	0	0.315998776	0	0	0	0	0	0	0	0	0	0	0	0	0	0	0.337251061	0.498431846	0.267547268	0	0	0	0	0.189133519	0.319987609	0.109741846	0	0.214021185	0.407173827	389.6282964	97.30684271	259.5702279	0.314939024	252.6338002	117.0975395	0	0	0	0
OTU_1700	0	0	0	0	0	0	0	0	0	0	0	0	0	0	0	0	0	0	0	0	0	0	0	0	0	0	0	0	0	0	0	0	5.178686529	0	0	0	0	10.00753498	5.698131421	7.691636177	9.984121505	6.065611437	17.87430624	7.476477684	17.92566693	1.25326054	4.148039084	4.286307054	4.050098018	68.08806701	47.8381476	28.31339637	56.10236021	41.94815218	48.86085928	21.17896549	3.671956329	16.29026947	49.60289634	10.28050129	23.96414763	2.756170032	0	0.321932217	0
OTU_1701	0	0	0	0	0	0	0	0	0.318851763	0	0	0	0	0	0	0	0	0	0	0	0	0	0	0	0	0	0	0	0	0	0	1.305735503	0	0.477881224	0.555974166	7.922454197	0	0	0	0	0	0	0	0	0	0	0	0	0	4.539204467	3.679857508	11.74237756	9.787327637	11.66415456	13.4367363	0	0	0	0	0	0	0	0	0	0
OTU_1706	0	0	0	0	0	0	0	0	26.78354811	14.84687673	15.54406094	17.24700863	11.9845311	39.62518775	0	0	0	0	0	0	0	0	0	0	0	0	8.077483561	5.055980422	6.469053335	0	0.249351276	13.71022278	6.066461362	2.62834673	0	14.08436302	6.719089378	0	0	0	0	0	0	0	0	0	0	0	0	21.75035474	1.599938047	7.242961861	24.46831909	1.3911377	1.221521482	0	0	0	0	0.190379654	0	0	0	0	0
OTU_171	0	0	0	0	0	0	0	0	0	0	0	0	0	0	0	0	0	0	0	0	0	0	0	0	7.173611111	0	0	0	0	0	0	0	0	0	0	0	0	0	0	0	0	0	0	0	0	0	0	0	0	0	0	0	0.174773708	0	0	0	0	0	0	0	0	0.250560912	0.678935261	0	0
OTU_172	0	0	0	0	0	0	0	0	0	0	0	0	0	0	0	0	0	0	0	0	0	0	0	0	0	0	0	0	0	0	0	0	0	0	0	0	0	0	0	0	0	0	0	0	0	0	0	0	0	0	0	0	0	0	0	0	0	0	0	0	0	0	0	0	0
OTU_1761	0	0	0	0	0	0	0	0	0	0	0	0	0	0	0	0	0	0	0	0	0	0	0	0	0	0	0	0	0	0	0	0	2.219437084	0	0	0	0	7.783638321	7.407570847	4.243661339	10.45955586	5.274444728	13.8272935	13.45765983	22.74151774	1.503912648	3.041895329	2.967443345	2.700065345	31.96356479	19.19925656	16.7905025	22.02148718	14.55344055	28.50216791	13.25706237	2.753967246	13.06801837	36.84786585	7.424806487	20.69630931	2.255048208	0	0	0
OTU_177	1.319126861	0	1.952971759	0	0	0	0	0	0	0	0	0	0	0	0	0	0	0	0	0	0	1.168457623	0	0	0	0	0	0	0	0	0	0	0	0	0.555974166	0	0	0	0	0	0	0	0	0	0.267547268	0.250652108	0	0	0	0	0	0	0	0	0	0	0	0	0	0	0	0	0	0	0
OTU_1775	0	0	0	0	0	0	0	0	0	0.28551686	0	0	0	0	0	0	0	0	0	0	0	0	0	0	0	0	0	0	0	0	0	0	5.326649001	0	0	0	0	15.56727664	16.52458112	11.93529752	20.44367737	10.54888946	28.66634019	21.43256936	35.31623932	1.25326054	6.636862535	5.605170763	12.60030494	59.76619215	48.79811043	37.97067885	72.70586245	37.56071789	53.33977138	42.19625949	6.425923575	35.89229703	110.8585366	20.56100258	57.73181019	8.519071008	0	0	0
OTU_178	0	0	0	0	0	0	0	0	0.318851763	0	0	0	0	0.477411901	0	0	0	0	0	0	0	0	0	0	0	0	0	0	0	0	0	0.326433876	0	0.238940612	0	0.29342423	0.479934956	0	0	0	0.475434357	0	0	0	0	0.250652108	0	0	0	0	1.279950438	0	0	0.107010592	0	0	0	0.089506975	0	0	0	0	0	0	0
OTU_1797	0	0	0	0	0	0	0	0	25.82699282	35.97512438	3.886015236	6.707170021	13.76001719	0.954823801	0	0	0	0	0	0	0	0	0	0	0	0	9.546116936	1.579993882	2.587621334	2.015469305	13.46496892	0	0.147962472	0	0.555974166	0	0	1.853247219	14.24532855	3.182746004	1.426303072	7.647944856	4.047012733	7.476477684	19.53095053	4.261085836	7.743006291	6.264602617	6.300152472	0.189133519	0	0	0.524321123	0	0	0.646685969	2.753967246	1.074083702	0	0.380759307	0.726186292	13.78085016	1.357870523	4.507051032	7.746894774
OTU_18	0.164890858	0	0.162747647	0.162991598	0	0	0	0.184037057	0	0	0	0	0	0	210.8052765	205.6363286	193.8748791	153.8094637	150.1030738	131.7035946	0	0.166922518	0.167037232	0	0	0	0	0	0	0	36.15593507	0	0	0	0	0	0	0	0	0	0	0	0	0	0	0	0	0	0	0	0	0	0	0	0	0	0	0	0	0	0	0	0	0	0
OTU_180	0	0	0	0	0	0	0	0	0	0	0	0	0	0	0	0	0	0	0	0	0	0	0	0	0	0	0	0	0	0	0	0	0	0	0	0.29342423	0	0	0	0	0	0	0	0	0	0	0.276535939	0	0	0	0	0	0	0	0	0	0	0	0	0	0	0	0	0	0
OTU_1815	0	0	0	0	0	0	0	0	1.594258816	0.28551686	0	0.383266858	1.775486089	2.864471404	0	0	0	0	0	0	0	0	0	0	0	0	0.367158344	0.315998776	0	0	0.249351276	0.979301627	0.591849889	0.238940612	0	1.467121148	0.239967478	0	0	0	0	0	0	0	0	0	0	0	0	11.72627821	0	1.20716031	4.01979528	0.321031777	1.221521482	0	0	0	0	0	0	0	0	0	0
OTU_183	0	0	0	0	0	0	0.159777271	0	0	0	0	0	0	0	0	0	0	0.289660007	0	0	0	0	0	0	0	0	0	0.315998776	0.431270222	0	0	0	0	0	0	0	0	0	0	0	0	0	0	0	0	0	0	0	0	0	0	0	0	0	0	0	0	0	0	0	0	0	0	0	0
OTU_1866	0	0	0	0	0	0	0	0	31.2474728	8.851022664	0.777203047	6.898803451	8.877430444	5.251530907	0	0	0	0	0	0	0	0	0	0	0	0	5.874533499	10.42795962	3.881432001	1.727545119	2.493512763	0	0	0	0	0	0	0	0	0	0	0	0	0	3.478114478	0.751956324	0	0	0	0	0	0	0	0	0	0	0	0	0	0	0	2.50560912	0	0	0.322787282
OTU_189	0	0	0	0	0	0	0	0	0	0	0	0	0	0	0	0	0	0	0	0	0	0	0	0	0	0	0	0	0	0	0.249351276	0	11.54107284	0.238940612	0	0	0	38.9181916	30.20009653	18.03556069	46.59256702	20.3066122	45.8661443	54.82750302	55.38228438	8.020867455	13.82679695	8.242898181	26.55064256	158.8721564	104.9559359	70.56400722	111.3308519	82.61217725	214.1734332	46.72306127	11.01586899	43.23186899	145.1868902	27.41467011	77.1572935	17.78982475	0	0	0
OTU_19	0	24.32605002	0.162747647	87.20050491	238.6303617	95.89029536	27.64146785	14.35489043	0	0	0	0	0	0	0	0.15928453	0.166559174	0	0	0	52.5083089	0	114.4205037	54.36379119	69.68650794	150.275267	0	0	0	0	0	0	0	0.238940612	0	0	0	6.671689989	1.709439426	0	0.475434357	0	0	0	0	0	0	0	0	0	0	0	0	0	0	0.323342985	0.131141297	0	14.32972561	0.190379654	0.544639719	0	0	0	0
OTU_1909	0	0	0	0	0	0	0	0	0	0	0	0	0	0	0	0	0	0	0	0	0	0	0	0	0	0	0	0	0	0	0	0	0	0	0	0	0	0.370649444	0	0	0	0	0	0	0	0	0	0	0	0	0	0	0	0	0	0	0	0	0	0	0	0	0	0	0
OTU_191	0	0	0	0	0	0	0	0	0	0	0	0	0	0	0	0	0	0	0	0	0	0	0	0	0	0	1.101475031	0	0	0	0	0	0	0	0	0	0	0	0	0	0	0	0	0	0	0	0	0	1.800043563	0	0	0	0	0	0	0	0	0	0	0	0	0	0	0	0
OTU_1912	0	0	0	0	0	0	0	0	0	0	0	0	0	0	0	0	0	0	0	0	0	0	0	0	0	0	0	0	0	0	0	0	0	0	0	0	0	0	0	0	0	0	0	0	0	0	0	0	0	0	0	0	0	0	0	0	0	0	0	0	0	0	0	0	0
OTU_1925	0	0	0	0	0	0	0	0	0	0	10.49224114	0	0	0	0	0	0	0	0	0	0	0	0	0	0	0	0	0	0	0.287924186	0	0	0	0	0	0	0	0	0	0	0	0	0	0	2.675472675	11.27934486	0.829607817	7.253750399	8.550206927	0	0	0	0	0	0	0	0	0	0	0	0	3.257291856	8.826158396	3.219322166	6.778532927
OTU_194	0	0	0	0	0	0	0	0	0	0.28551686	0	0	0	0	0	0	0	0	0	0	0	0	0	0	0	0	0	0.947996329	0	0	0	0	0	0	0	0	0	0.370649444	0.284906571	0.795686501	5.705212289	0	3.035259549	0.498431846	1.872830873	1.002608432	0	0.659431854	0.450010891	0	0	0.109741846	0	0	0	0	1.180271677	0.447534876	0	1.713416882	0	0.250560912	0.339467631	0.96579665	0
OTU_1949	0	0	0	0	0	0	0	0	37.3056563	53.96268657	9.326436565	2.682868009	13.76001719	4.296707106	0	0	0	0	0	0	0	0	0	0	0	0	11.38190865	7.267971857	5.60651289	1.727545119	10.47275361	0	0	0.238940612	0	7.629029967	0	0	0	0.265228834	0	0	0	0	0.267547268	0.250652108	0	0	0	2.647869273	3.519863703	6.145543397	7.690043144	7.276720276	5.293259756	0	0	0	0	0	0	0	0	0	0
OTU_1983	0	0	0	0	0	0	0	0	0	0	0	0	0.443871522	0	0	0	0	0	0	0	0	0	0	0	0	0	0.367158344	0.947996329	1.293810667	0	0	0	0	0	0	0	0	0	0	0	1.90173743	0.263722236	0	0	0.802641803	0	0	0	0.450010891	0	0	0	0	0	0	0	0	0	0	0	0	0	0	0	0
OTU_199	0	0	0	0	0	0	0	0	0	0	0	0.191633429	0	0	0	0	0	0	0	0	0	0	0	0	0	0	0.367158344	0	0	0	0	0	0	0	0	0	0	0	0	0	0	0	0.674502122	0	0	0	0	0	0	0	0	0	0	0	0	0	0	0	0	0	0	0	0	0	0
OTU_1998	0	0	0	0.162991598	0	0.138369835	0	0	0	0	0	0	0	0	0	0	0	0	0	0	0	0	0	7.389253172	0.409920635	0	0	0	9.487944891	32.82335726	0	0	0	0	0	0	0	0	0	0	0	0	0	0	0.535094535	0	1.382679695	0.329715927	0.450010891	0	0	0	0	0	0	0	0	0	0	0	0	0.501121824	0	2.253525516	6.455745645
OTU_2	588.3305798	0.816310403	529.7435897	0.651966392	0.972300659	1.106958677	1.91732725	1.104222341	3.507369396	3.997236042	1313.084548	5.174102588	3.9948437	8.116002311	1059.440902	672.3400023	773.334247	946.7537329	1065.629514	875.1399434	0.432760788	593.0757049	0.668148927	107.3201056	13.73234127	2.76780015	6.97600853	6.319975528	1377.47709	1402.190788	676.7393639	863.4176015	587.5589773	711.3262014	503.15662	665.1927283	29.99593472	1272.439541	839.6196649	1385.820656	528.2075711	2028.551442	1496.720209	1171.314837	459.9137529	935.9349712	780.1078838	724.715608	892.8216075	711.5203003	561.4182607	751.1829385	562.247018	718.0410742	666.1363816	796.070428	1352.197918	704.8674292	1371.401982	1103.630851	1315.304921	507.8869686	1016.026618	757.8284379	535.5041012
OTU_20	52.10551099	0	38.24569696	0	0	0	0	0	0	0	209.0676197	0	0	0.477411901	30.8627588	57.3424309	192.2092873	74.4426218	85.50175091	88.12284307	0	28.04298295	0	0	0	0	0.367158344	0	5.60651289	12.95658839	218.9304206	4.570074261	75.31289837	122.8154745	8.895586652	69.54154239	6.239154422	78.94833154	109.1192167	43.23229989	104.1201243	116.037784	20.23506366	68.28516285	162.6687387	11.27934486	1.382679695	20.11267156	7.200174254	33.47663295	11.51955394	34.45893976	35.30428898	48.36878771	41.12455656	152.1328742	49.57141044	160.1279785	0	188.8566163	86.05307557	23.80328664	24.10220177	29.61776393	11.62034216
OTU_200	0	0	0	0	0	0	0	0	0	0	0	0	0	0	0	0	0	0	0	0	0	0	0	0	0	0	0	0	0	0	0	0	0	0	0	0	0	0	0	0	0	0	0	0	0	0	0	0	0	0	0	0	0	0	0	0	0	0	0	0	0	0	0	0	0
OTU_2057	0	0	0	0	0.138900094	0	0	0	0.318851763	0	0	0.574900288	0.443871522	0	0	0	0	0	0	0	0	0	0	0	0	0	0	0	0	0	0	12.73092116	76.05271074	14.33643671	111.7508073	19.07257492	1.679772345	0	0	0.530457667	0.950868715	0.263722236	0	0	63.14115514	28.57434031	56.13679561	2.637727418	41.40100196	97.59289605	2.39990707	193.8041007	17.12782337	0.321031777	143.7323611	0.161671492	0	0	0	0.190379654	0	33.57516221	29.19421623	22.53525516	50.03202875
OTU_2089	0	0	0	0	0	0	0	0	0	0	0	0	0	0	0	0	0	0	0	0	0	0	0	0	0	0	0	0	0	0	0	0	0	0	0	0	0	0	0	0	0	0	0	0	0	6.767606915	4.977646901	6.924034472	4.9501198	0	0	0	0	0	0	0	0	0	0	0	0	7.266266448	4.073611568	2.897389949	2.90508554
OTU_209	0	0	0	0	0	0	0	0	0	0	0	0	0	0	0	0	0	0	0	0	0	0	0	0	0	0	0	0	0	0	0	0	0	0	0	0	0	0	0	0	0	0	0	0	0	0	0	0	0	0	0	0	0	0	0	0	0	0	0	0	0	0	0	0	0
OTU_2091	0	0	0	0	0	0	0	0	18.49340227	13.13377557	5.051819806	6.323903163	15.53550328	10.98047371	0	0	0	0	0	0	0	0	0	0	0	0	5.874533499	4.107984093	6.469053335	2.879241865	5.236376803	0	0	0	0	0	0	0	0	0	0	0	0	0	0	0	0	0	0	0	0	0	0	0	0	0	0	0	0	0	0	0	0	0	0
OTU_21	0	2.122407049	0.162747647	11.73539505	288.7732957	632.350144	106.2518851	169.8662035	0	0	0	0	0	0	0	0.15928453	0	0	0	0	47.17092585	0	145.8235033	28.14953589	13.73234127	7.000906261	0	0	0	0	0	0	0	0	0	0	0	11.11948332	0	0	0	0	0	0	0	0	0	0	0	0.945667597	1.919925656	0	7.340495728	0	2.443042964	0	0	0.089506975	68.97164634	0.380759307	3.449384886	0	0	0	0
OTU_214	0	0	0	0	0	0	0.159777271	0.184037057	0	0.28551686	3.108812188	3.449401725	4.438715222	3.819295205	0	0	0	0.144830004	0	0	0	0	0	0	0	0	1.468633375	2.527990211	3.018891556	2.591317678	0.748053829	0	0	0	0	0	0	0	0	0	0	0	1.686255305	0	0	0.250652108	0.276535939	0	0	0.189133519	1.119956633	0.438967386	0.349547416	0.428042369	0.407173827	0	0.131141297	1.163590677	0	0.380759307	0	0	0	0	0
OTU_2144	0	0	0	0	0	0	0	0	0	0	0	0	0	0	0	0	0	0	0	0	0	0	0	0	0	0	0	0	0	0	0	0	0	0	0	0	0	0	0	0	0	0	0	0	0	0	0	0	0	0	0	0	0	0	0	37.50778621	7.606195252	26.67307859	0	27.98580907	10.89279438	0	0	0	0
OTU_2165	0	0	0	0	0	0	0	0	22.95732695	10.27860697	2.720210665	8.240237455	8.877430444	3.341883304	0	0	0	0	0.146156839	0.160223351	0	0	0	0	0	0	4.773058468	9.479963292	4.312702223	2.303393492	1.994810211	0	0	0	0	0	0	0	0	0	0	0	0	0	5.350945351	3.509129512	2.76535939	0.659431854	0.450010891	0	0	0	0	0	0	0	0	0	0	0	0	2.255048208	2.036805784	1.609661083	2.90508554
OTU_217	0	0	0	0	0	0	0	0	0.318851763	0	0	0	0	0	0	0	0	0	0	0	0	0	0	0	0	0	0.367158344	0	0	0	0	0	0	0	0	0	0	0	0	0	0	0	0	0	0	0	0	0	0	0	0	0	0	0	0	0	0	0	0	0	0	0	0	0	0
OTU_218	0	0	0	0	0	0	0	0	0	0	0	0	0	0	0	0	0	0	0	0	0	0	0	0	0	0	0	0	0	0	0	0	0	0	0	0	0	0	0	0	0	0	0	0	0	0	0	0	0	0	0	0	0	0	0	0	0	0	0	0	0	0	0	0	0
OTU_219	0	0	0	0	0	0	0	0	0	0	0	0	0	0	0	0	0	0	0	0	0	0	0	0	0	0	0	0	0	0	0	0	0	0	0	0	0	0	0	0	0	0	0	0	0	0	0	0	0	0	0	0	0	0	0	0	0	0	0	0	0	0	0	0	0
OTU_22	113.1151283	0	549.1105597	0.162991598	0	0	0.319554542	0	265.6035188	192.7238806	273.5754726	268.0951674	134.0491997	111.7143847	16.96549314	50.01534251	41.14011609	15.93130039	15.34646811	20.02791888	0	245.7099459	0	0	0	0.162811774	118.9593034	180.7513001	122.4807431	14.39620932	42.88841953	1741.851161	100.9104061	351.9595212	2473.529064	319.5389859	2571.731459	1146.04808	589.1867889	125.7184672	840.0925095	388.7265765	104.5478289	74.76477684	70.63247863	8.020867455	18.52790791	7.253750399	12.15029405	137.3109351	12.31952296	12.0716031	94.72734963	43.44630047	3.664564446	1119.736756	62.94782278	664.2312625	384.3830793	231.6920383	1001.047803	17.78982475	24.10220177	12.23342423	5.81017108
OTU_2200	0	0	0	0	0	0	0	0	0	1.142067441	0.777203047	0	0	0.477411901	0	0	0	0	0	0	0	0	0	0.175934599	0	0	0	0	56.49639912	223.7170929	0.249351276	7.181545268	299.9199312	521.8462962	38.36221744	270.8305638	386.8275742	0.370649444	0.854719713	0	0	0.263722236	0	0	95.24682725	39.35238095	81.02503012	6.924034472	52.20126334	37.25930334	240.9506699	55.41963242	82.66796379	165.9734286	41.53173039	0.485014477	0.131141297	0.17901395	0.157469512	0.380759307	1.452372583	47.60657328	34.28623069	40.56345929	85.21584251
OTU_2219	0	0	0	0	0	0	0	0	0.318851763	0	0	0	0	0	0	0	0	0	0	0	0	0	0	0	0	0	0	0	37.52050934	103.0768588	0	0	0	0	0	0	0	0	0	0	0	0	0	0	0	0	0	0	0	0	0	0	0	0	0	0	0	0	0	0	0	0	0	0	0
OTU_2252	0	0	0	0	0	0	0	0	0	0	0	0	0	0	0	0	0	0	0	0	0	0	0	0	0	0	0	0	0	0	0	0	1.923512139	0	0	0	0	5.559741658	3.418878853	2.387059503	6.180646646	2.109777891	7.419523343	8.473341375	9.364154364	0.501304216	0.553071878	3.297159272	1.800043563	19.85901955	14.07945481	11.08392648	14.33144404	13.26931344	17.9156484	9.053603568	2.098260759	7.966120787	21.41585366	3.23645411	13.61599297	2.004487296	0	0	0
OTU_227	0	0	0	0	0	0	0	0	0	0.28551686	2.720210665	0	0	0	0	0	0	0	0	0	0	0	0	0	0	0	16.88928381	2.843988987	0	0	20.94550721	0	0	0	0	0	0	3.335844995	8.832103703	2.917517171	13.78759636	1.318611182	1.011753183	7.476477684	0.535094535	0	0.276535939	0	0	0	0	0	0	0	0	0	5.507934493	16.9168183	0	18.46682639	0	0	0	0	0
OTU_23	0.329781715	516.7244854	0	54.76517692	66.53314509	36.25289666	3.035768145	6.99340816	0	0	0	0	0	0	0.360967939	0.318569061	0.166559174	0.144830004	0	0	83.6670856	0	206.7920928	5.453972579	207.4198413	140.6693723	0	0	0	0	0	0	0	0	0.555974166	0	0	0	0	0	0	0	0	0	0	0	0	0	0	0	0	0	0	0	0	0	0	0	0	0	0	0	1.697338153	0	0
OTU_2336	0	0	0	0	0	0	0	0	0	0	0	4.407568871	3.9948437	0	0	0	0	0	0	0	0	0	0	0	0	0	6.97600853	15.48394004	0	0	0.249351276	0	0.739812361	0	0	0.880272689	0	0	0	0	0	0	0	0	0	0	0	0	0	0.756534078	0.479981414	0.219483693	0.174773708	0.321031777	0.814347655	0	0	0	0	0	0	0	0	0	0
OTU_234	0	0	0	0	0	0	0	0	0	0	0	0.383266858	0	0	0	0	0	0.144830004	0	0	0	0	0	0	0	0	0	0.631997553	0	0	0	0	0	0	0.555974166	0	0	0	0	0	0	0	0	0	0	0	0.276535939	0	0	0	0	0.109741846	0	0	0	0	0	0	0	0	0	0	0	0	0
OTU_2349	0	0	0	0	0	0	0	0	0	0	0	0	0	0	0	0	0	0	0	0	0	0	0	0	0	0	0	0	0	0	0	3.91720651	18.19938409	9.557624472	0.555974166	17.898878	2.1597073	6.301040545	11.68116941	16.44418769	10.93499022	7.911667092	8.431276526	15.94981906	5.083398083	0	3.041895329	0	3.600087127	12.86107932	47.35816619	41.81164347	34.43042044	34.24338953	10.99369334	17.13717818	17.17950997	38.57750628	0	26.84353115	0	0	4.073611568	0.643864433	0.322787282
OTU_235	0	0	0	0	0	0	0	0	0	0	0.388601524	0	0	0	0	0	0	0	0	0	0	0	0	0	0	0	0	0	0	0	0	0	0	0	0	0	0	0.370649444	0	0	0	0.527444473	0	0	0	0.250652108	0	0	0	0	0	0	0.174773708	0	0	0	0	0	0	0	0	0	0	0	0
OTU_2367	0	0	0	0	0	0	0	0	0	0	0	0	0	0	0	0	0	0	0	0	0	0	0	0	0	0	0	0	0	0	0	0	0	0	0	0	0	0	0	0	0.475434357	0.263722236	0	0	0	0	0	0	0	0	0	0	0	0	0	0	0	0	0	0	0	0	0	0	0
OTU_2369	0	0	0	0	0	0	0	0	38.89991512	21.98479823	10.88084266	23.57091179	23.9690622	51.56048527	0	0	0	0	0	0	0	0	0	0	0	0	10.64759197	6.95197308	7.331593779	0.575848373	2.74286404	17.62742929	14.64828475	4.300931013	0	23.18051413	10.7985365	0	0	0	0	0	0	0	0	0	0	0	0	31.39616423	2.39990707	10.75470095	34.95474156	1.819180069	3.664564446	0	0	0	0	0	0	0	0	0	0
OTU_238	0	0	0	0	0	0	0	0	0	0	0	0	0	0	0	0	0	0	0	0	0	0	0	0	0	0	0.734316687	0	0	0	0	0	0	0	0.555974166	0	0	0	0	0	0	0	0	0	0	0	0	0	0.450010891	0	0	0	0	0	0	0	0	0	0	0	0	0	0	0	0
OTU_24	1.813799433	0.163262081	0.650990586	0.325983196	0	0.415109504	0	0	0.318851763	0	0	0	0	0	146.9139513	374.7964997	178.8845534	32.00743077	39.02387606	58.16107643	0	0.500767553	0	0	0.409920635	1.465305962	0	0.315998776	0.862540445	0	0.249351276	0.652867752	6.362386307	1.672584283	0.555974166	1.760545377	0.239967478	9.63688554	5.983037992	4.774119006	14.73846508	6.59305591	14.83904669	16.4482509	18.19321419	0.751956324	4.424575023	2.308011491	2.250054454	37.8267039	30.5588167	17.00998619	24.99264022	20.8670655	69.62672448	15.19712028	8.655325632	22.73477168	29.13185976	10.6612606	19.24393673	9.020192832	4.073611568	21.2475263	14.20264042
OTU_241	0	0	0	0	0	0	0	0	0	0	0	0	0	0	0	0	0	0	0	0	0	0	0	0	0	0	0	0	0	0	0	0	0	0	0	0	0	0	0	0	0	0	0	0	0	0	0	0	0	0	0	0	0	0	0	0	0	0	0	0.190379654	0	0	0	0	0
OTU_246	0	0	0	0	0	0.138369835	0	0	0	0	0	0.191633429	0	0	0	0	0	0	0	0.320446702	0	0	0	0	0	0	0	0.315998776	0.431270222	0	0.249351276	0	0	0	0	0	0	0	0	0	0	0	0	0	0	0	0	0	0	0	0	0	0	0	0	0	0	0	0	0	0	0	0	0	0
OTU_2483	0	0	0	0	0	0	0	0	0	0	0	0	0	0	0	0	0	0	0	0	0	0	0	0	0	0	0	0	0	0	0	0	0	0	0	0	0	0	0	0	0	0	0	0	0	1.002608432	1.382679695	0	0	0	0	0	0	0	0	0	0	0	0	0	0	1.503365472	1.697338153	2.575457733	1.613936411
OTU_25	0	1.795882888	0	28.36053805	6.250504236	87.44973545	421.4924404	23.0046321	0	0	0	0.191633429	0	0	0	0	0.166559174	0.289660007	0	0.160223351	54.23935205	0	12.19371791	128.0803883	1.024801587	13.18775365	0	0	0	0	0	0	0	0	0	0	0	0	0	0	0	0	0	0	0	0	0	0	0	0	0	0	0	0	0	0	0	0	0	0	0	0	0	0	0
OTU_2501	0	0	0	0	0	0	0	0	0	0	0	0	0	0	0	0	0	0	0	0	0	0	0	0	0	0	0	0	0	0	0	0	0	0	0	0	0	0	0	0	0	0	0	0	2.14037814	0	1.382679695	1.318863709	0	0	0	0	0	0	0	0	0	0	0	0	0	1.25280456	0.678935261	1.287728866	1.613936411
OTU_2539	0	0	0	0	0	0	0	0	0	0	0	0	0	0	0	0	0	0	0	0	0	0	0	0	0.204960317	0.162811774	0	0	0	0	0	0	0	0	0	0	0	0	0	0	0	0	0	0	0	0	0	0	0	0	0	0	0	0	0	0	0	0	0	0	0	0	0	0	0
OTU_2541	0	0.326524161	0	1.303932784	0.694500471	0	27.80124512	2.760555852	0	0	0	0	0	0	0	0	0	0	0	0	0.432760788	0	2.171484012	16.88972154	2.254563492	1.628117735	0	0	0	0	0	0	0	0	0	0	0	0	0	0	0	0	0	0	0	0	0	0	0	0	0	0	0	0	0	0	0	0	0	0	0	0	0	0	0
OTU_2555	0	0	0	0	0	0	0	0	0	0	0	0	0	0	0	0	0	0	0	0	0	0	0	0	0	0	0	0	0	0	0	0	3.847024278	0	0	0	0	8.524937208	8.832103703	6.895949676	9.984121505	5.538166965	9.78028077	10.9655006	17.12302512	0.501304216	3.594967207	1.648579636	2.250054454	48.79644802	37.4385503	23.59449697	40.02317909	31.35410354	32.16673236	13.41873386	3.409673734	11.27787887	38.42256098	6.47290822	22.1486819	4.008974592	0	0	0
OTU_2570	0	0	0	0	0	0	0	0	0	0	0	0	0	0	0	0	0	0	0	0	0	0	0	0	0	0	0	0	0.431270222	0	0	5.875809765	18.79123398	6.212455907	2.223896663	12.9106661	0.959869911	4.077143882	12.53588913	12.99621285	10.93499022	10.02144498	6.070519099	13.45765983	6.688681689	0	4.148039084	0	2.700065345	16.64374971	46.39820336	34.45893976	30.41062516	31.56812472	7.329128892	15.19712028	16.91722737	32.67004592	0.157469512	23.98783634	0	1.002243648	3.734143937	1.609661083	0.968361847
OTU_2585	0	0	0.162747647	0	0	0	0	0	0	0	0	0	0	0	0	0	0	0	0	0.160223351	0	0	0	0	0	0	0	0.315998776	0	0	0	0	0	0	0	0	0	8.895586652	43.3057988	38.98863855	32.3295363	8.966556038	41.81913157	73.2694813	0	0	0	0	0	0	0	0	0	0	0	0.323342985	134.4198299	10.11428819	0	10.6612606	16.33919156	0	0	0	0
OTU_26	13.02637775	0	8.951120564	0	0	0	0	0	0	0	0	0	0	0	22.38001223	24.05196407	22.48548855	45.76628111	43.99320859	68.7358176	0	17.69378686	0	0	0	0	0	0	0	0	0	0	0	0	0	0	0	0	0	0	0	0	0	0	0	0	0	0	0	0	0	0	0	0	0	0	0	0	0	0	0	0	0	0	0
OTU_260	0	0	0	0	0	0	0	0	0	0.28551686	0	0	0	0	0	0	0	0	0	0	0	0	0	0	0	0	0	0	0	0	0	0	0	0	0	0	0	0	0	0	0	0	0	0	0	0	0	0	0	0	0	0	0	0	0	0	0	0	0	0	0	0	0	0	0
OTU_2602	0	0	0	0	0	0	0	0	0.637703527	0	0	78.95297282	14.64776023	94.05014443	0	0	0	0	0	0	0	0	0	0	0	0	48.09774302	42.02783726	77.19736979	33.39920563	24.43642508	0	0	0	0	0	0	0	0	0	0	0	0.337251061	0	0	0.250652108	0	0.329715927	0	0	0	0	0	0	0	0	0	0	0	0	0	0	0	0	0
OTU_2606	0	0	0	0	0	0	0	0	139.6570723	42.54201216	14.37825637	31.23624896	32.40262112	13.84494512	0	0	0	0.144830004	0	0	0	0	0	0	0	0	20.56086725	39.49984705	14.23191734	14.68413351	18.20264317	0	0	0	0	0	0	0	0	0.265228834	0	0	0.337251061	0	19.53095053	6.767606915	8.296078169	2.308011491	1.350032673	0	0	0	0	0	0	0	0	0	0	0	0	3.006730944	15.95497864	10.94569536	6.778532927
OTU_2623	0	0	0	0	0	0	0	0	0	0	0	0	0	0	0	0	0	0	0	0	0	0.333845035	0	0	0	0	0	0	0	0	0	0	0	0	0	0	0	1.111948332	5.41322485	4.243661339	5.229777931	1.054888946	7.756774404	15.45138721	0	0	0	0	0	0	0	0	0	0	0	0.161671492	14.95010791	1.342604627	0	2.094176189	2.723198594	0	0	0	0
OTU_264	0	0	0	0	0	0	0	0	0	0	0	0	0	0	0	0	0	0	0	0	0	0	0	0	0	0	0	0	0.431270222	0	0	0	0	0	0	0	0	0	0	0	0	0	0	0	0	0	0	0	0	0	0	0	0	0	0	0	0	0	0	0	0	0	0	0	0
OTU_267	0	0	0	0	0	0	0	0	0	0	0	0	0	0	0	0	0	0	0	0	0	0	0	0	0	0	0	0	0	0	0	0	0	0	0	0	0	0	0	0	0	0	0	0	0	0	0	0	0	0	0	0	0	0	0	0	0	0	0	0	0	0	0	0	0
OTU_2675	0	0	0	0	0	0	0	0	0	0	0	0	0	0	0	0	0	0	0	0	0	0	0	0	0	0	0	0	0	0	0	0	0	0	0	0	0	0	0	0	0	0	0	0	20.86868687	34.33933879	15.76254852	46.81966167	31.95077325	0	0	0	0	0	0	0	0	0	0	0	0	3.257291856	24.44166941	9.014102065	2.582298258
OTU_2688	0	0	0	0	0	0	0	0	0	0	0	32.57768296	5.770329788	37.23812825	0	0	0	0	0	0	0	0	0	0	0	0	18.35791719	14.21994494	29.32637512	17.27545119	10.72210488	0	0	0	0	0	0	0	0	0	0	0	0	0	0	0	0	0	0	0	0	0	0	0	0	0	0	0	0	0	0	0	0	0	0
OTU_27	59.19581787	0	50.28902281	0	0	0	0	0	0	0	0	0.191633429	0	0	24.54581987	18.79557457	28.48161883	58.80098142	41.50854232	37.01159409	0	57.58826856	0	0	0	0.162811774	13.95201706	5.055980422	0.431270222	0	15.70913041	0	0	0	0	0	0	0	0	0.265228834	0.475434357	0	0	0	27.55736856	15.03912648	21.56980324	20.44238749	9.000217817	0	0	0	0	0	0	0	0	0	0	0	0	24.80553029	22.06539599	24.46684846	39.70283572
OTU_270	0	0	0	0	0	0	0	0	0	0	0	0	0	0	0	0	0	0	0	0	0	0	0	0	0	0	0	0	0	0	0.249351276	0	0	0	0	0	0	0	0	0	0	0	0	0	0.267547268	0	0	0	0	0	0	0	0	0	0	0	0	0	0	0	0	0	0	0	0
OTU_2703	0	0	0	0	0	0	0	0	0	0	39.24875388	0	0	0.477411901	0	0	0	0	0	0	0	0	0	0	0	0	0	0	1.725080889	0.863772559	2.493512763	0	0	0.238940612	0	0	0	0	0	0	0	0	0.337251061	0	13.91245791	28.57434031	8.296078169	19.78295563	29.7007188	0	0	0	0	0	0	0	0	0	0	0	0	9.521314656	16.97338153	8.370237631	13.87985314
OTU_28	78.98272078	0	177.5576825	0	0	0	0	0.184037057	80.35064434	29.97927032	7.772030471	23.95417865	25.74454829	11.93529752	46.56486416	46.35179831	25.81667204	67.20112163	85.35559407	87.96261972	0	212.4923649	0	0.175934599	0	0	9.91327528	31.28387886	16.38826845	10.94111909	10.47275361	0	0.147962472	0	0.555974166	0	0	0	0	0	2.852606144	0	0	0	32.64076664	13.03390961	9.955293803	3.956591127	0.900021782	0	0	0	0	0	0	0	0	0	0	0	0	13.78085016	20.70752547	24.46684846	29.0508554
OTU_283	0	0	0	0	0	0	0	0	0	0	0	0	0	0	0	0	0	0	0	0	0	0	0	0	0	0	0	0	0	0	0	0	0	0	0	0	0	0	0	0	0	0	0	0	0	0	0	0	0	0	0	0	0	0	0	0	0	0	0	0	0	0	0	0	0
OTU_2859	0	0	0	0	0	0	0	0	0	0	0	0	0	0	0	0	0	0	0	0	0	0	0	0	0	0	0	0	0	0	0	0	0	0	0	0	0	0	0	0	0	0	0	0	0	0	0	0	0	0	0	0	0	0	0	5.173487753	0.917989082	2.864223204	0	4.949870992	0.907732865	0	0	0	0
OTU_286	0	0.326524161	0	21.02591614	0	1.106958677	0	0	0	0	0	0	0	0	0.18048397	0.15928453	0.166559174	0	0.292313678	0	93.62058372	0	2.839632939	4.750234182	0.81984127	0	0	0	0	0	0	0	0	0	0	0	0	0	0	0	0	0	0	0	0	0	0	0	0	0	0	0	0	0	0	0	0	0	0	0	0	0	0	0	0
OTU_288	0	0	0	0	0	0	0	0	0	0	0	0	0	0	0	0	0	0	0	0	0	0	0	0	0	0	0	0	0	0	0	0	0	0	0	0	0	0	0	0	0	0	0	0	0	0	0	0	0	0	0	0	0	0	0	0	0	0	0	0	0	0	0	0	0
OTU_29	0.164890858	0	0.162747647	0	0	0	0	0	0	0	0	0	0	0	64.61326112	112.6141629	48.96839729	27.22804066	30.10830887	41.01717787	0	0	0.501111695	0	0	0	0	0.315998776	0	0	0	0	0.147962472	0	0	0	0	0.370649444	0	0	0	0	0	0	0	0	0	0	0	0	0	0	0	0	0	0	0	0	0	0	0	0	0	0	0
OTU_291	0	0	0	0	0	0	0	0	23.91388224	32.54892206	6.217624377	2.107967721	8.433558921	2.387059503	0	0	0	0	0	0	0	0	0	0	0	0	6.97600853	6.003976751	12.07556622	2.015469305	6.732484461	2.937904882	0.147962472	0.238940612	0.555974166	10.26984803	0	0	0	0	0	0	0.337251061	0	0	0	0	0	0	7.943607818	6.399752188	10.6449591	10.48642247	12.30621811	37.05281829	0	0	0.089506975	0	0	0	0.250560912	0	0	0
OTU_292	0	0	0	0	0	0.276739669	0	0	0	0	0	0	0	0	0	0	0	0	0	0	0	0	0	0	0	0	0	0	0	0	0	0	0	0	0	0	0	0	0	0	0	0	0	0	0	0	0	0	0	0	0.159993805	0	0	0.107010592	0	0	0	0	0	0	0	0	0	0	0
OTU_2934	0	0	0	0	0	0	0	0	0	0	3.886015236	0	0	0	0	0.318569061	0	0.144830004	0.292313678	0	0	0	0	0	0	0	0	0	0.431270222	0	0.249351276	89.76931585	19.38308386	76.69993639	1.667922497	49.88211902	0.959869911	1.111948332	0.284906571	0	0.475434357	0.527444473	0	0	0.267547268	0	0.276535939	0	0	24.20909049	60.79764578	73.52703708	55.40326538	74.47937223	35.42412298	0.161671492	0	0	0	0.571138961	0.181546573	0	0	0	0.322787282
OTU_294	0	0	0	0	0	0	0	0	0	0	0	0	0	0	0	0	0	0	0	0	0	0	0	0	0	0	0.367158344	0.315998776	0	0	0	0	0	0	0	0	0	35.21169717	23.93215197	28.90994287	67.03624439	21.36150115	33.05060398	34.89022919	0	0	0	0	0	0	0	0	0	0	0	71.94381407	44.98146502	83.42050082	54.64192073	103.7569112	53.19314587	0	0	0	0
OTU_2942	0	0	0	0	0	0	0	0	0.637703527	0	27.9793097	0	0	0	0	0	0	0	0	0	0	0	0	0	0	0	0.367158344	0	6.900323557	6.910180475	5.984430632	129.2678148	25.44954523	126.8774649	3.89181916	75.70345121	3.119577211	4.077143882	4.843411708	3.978432505	3.328040502	9.757722747	3.372510611	1.993727382	2.943019943	5.514346375	6.360326596	2.637727418	5.40013069	54.09218657	105.9158987	138.603952	101.1939768	140.3978971	85.09932992	5.65850223	9.966738606	5.638939433	7.401067073	6.092148913	10.16660808	2.50560912	5.092014459	3.219322166	2.582298258
OTU_2995	0	0	0	0	0	0	0	0	0	0	0	0	0	0	0	0	0	0	0	0	0	0	0	0	0	0	0	0	0	0	0	0.326433876	10.94922295	0	0	0	0	37.80624327	27.35103082	25.46196803	48.96973881	24.52616799	54.97192295	52.83377563	74.64568765	6.516954807	17.69830009	15.16693265	34.20082771	148.4698128	97.91620847	70.67374907	124.6136537	71.59008624	161.6480095	56.5850223	11.01586899	53.70418508	182.6646341	31.79340214	94.40421793	24.80553029	0	0.321932217	0
OTU_3	800.3802227	0.653048323	631.6236165	0.325983196	0	0.691849173	1.437995437	0.736148227	0	0	0	0	0	0	432.2591072	493.3041903	277.9872622	993.099334	868.4639383	861.3607352	0.144253596	678.5400339	0.501111695	0	0.204960317	2.116553056	0	0	0	0	0	0.326433876	0.443887417	0.238940612	0	0	0	37.80624327	56.41150107	57.02419924	114.1042458	1.846055655	51.26216128	107.6612786	0	0	0.829607817	0	0	0	0	0	0	0	0	0	0	0	0	0	0	0	0	0	0
OTU_30	65.2967796	0	49.96352751	0	0	0	0	0.184037057	0.318851763	0	0	0	0	0	20.39468856	36.63544196	32.97871654	25.92457063	25.43129001	25.47551282	0	41.56370688	0	0	0	0	0	0	0	0	0	3.264338758	131.9825252	36.08003238	3.335844995	38.14514984	0.959869911	0.741298888	0.854719713	0.530457667	0.475434357	0	0	0.498431846	0	0	0.553071878	0	0	0	0	0	0	0	0	1.131700446	2.360543354	2.148167403	0	8.567084408	0	0	0	0	0
OTU_304	0	0	0	0	0	0	0	0	52.61054094	19.70066335	5.051819806	14.56414062	20.41809002	8.116002311	0	0	0	0	0	0	0	0	0	0	0	0	7.343166874	16.43193637	8.194134224	5.758483729	6.483133184	0.326433876	0	0	0	0	0	0	0	0	0	0	0	0	7.491323491	6.015650591	6.360326596	1.648579636	0.450010891	0	0	0	0	0	0	0	0	0	0	0	0	5.01121824	16.97338153	11.26762758	6.778532927
OTU_3049	0	0	0	0	0	0	0	0	101.7137125	34.26202322	6.6062259	25.10397922	27.52003438	18.14165222	0	0	0	0	0	0	0	0	0	0	0	0	19.09223387	40.1318446	8.625404446	12.38074002	12.46756382	0	0	0	0	0	0	0	0	0	0	0	0	0	37.45661746	15.28977859	15.76254852	4.286307054	0	0	0	0	0	0	0	0	0	0	0	0	0	15.03365472	30.89155439	21.89139073	22.27232247
OTU_31	28.85590008	0	12.53156879	0	0	0	0	0	0.318851763	1.427584301	0.388601524	0.191633429	0.443871522	3.819295205	35.55534201	48.74106627	52.96581748	103.4086225	193.5116551	79.79122882	0	22.36761735	0	0	0	0	0.734316687	0.631997553	5.60651289	0	0.498702553	0.652867752	0.739812361	0.716821835	0	2.053969607	2.639642256	1.111948332	0	0	5.705212289	0.263722236	0.674502122	0.498431846	261.6612277	389.0120716	306.4018204	265.4213214	226.3554781	0	0.159993805	0	0	0	0	0	0	0	0	0	0	467.5466618	192.4781466	622.9388391	617.8148582
OTU_3114	0	0	0	0	0	0	0	0	355.2008643	119.0605307	32.64252798	88.72627771	113.6311097	52.51530907	0	0	0	0	0	0.160223351	0	0	0	0	0	0	62.04976009	119.1315387	46.57718401	32.53543307	33.16371975	0	0	0	0.555974166	0	0	0	0	0	0.950868715	0	0	0	69.82983683	27.07042766	25.44130638	5.93488669	2.700065345	0	0.159993805	0	0	0	0	0	0	0	0	0	0	32.32235765	27.15741045	23.82298403	53.58268885
OTU_313	0	0	0	0	0	0	0	0	54.84250328	84.22747374	13.60105332	3.449401725	16.86711784	3.819295205	0	0	0	0	0	0	0	0	0	0	0	0	14.3191754	11.05995717	8.625404446	2.015469305	17.70394062	0	0	0	0	1.467121148	0	0	0	0	0	0	0	0	0	0	0	0	0	0.378267039	0.479981414	1.316902157	1.398189662	1.819180069	0.814347655	0	0	0	0	0	0	0	0	0	0
OTU_3168	0	0	0	0	0	0.138369835	0	0	0	0	0	0	0	0	0.18048397	0	0.166559174	0.144830004	0.146156839	0	0	0	0	2.463084391	0.204960317	0	0	0	0.862540445	0.287924186	0	0	0	0	0	0	0	0	0	0	0	0	0	0	0	0	0	0	0	0	0	0	0	0	0	0	0	0	0	0	0	0	0	0	0
OTU_317	0	0	0	0	0	0	0	0	0	0	0.777203047	0.191633429	0	0	0	0	0	0	0	0	0	0	0	0	0	0	0	0	0	0	0.249351276	1.958603255	0.887774833	12.66385243	36.13832078	1.173696918	0	0	0.569813142	3.182746004	0.950868715	1.846055655	2.023506366	0.498431846	69.56228956	21.55608129	62.49712221	4.286307054	57.15138314	14.75241452	5.11980175	6.694252629	1.57296337	2.996296584	2.035869137	0.485014477	3.147391139	2.237674378	0	0.761518614	0	68.9042508	67.21459086	21.2475263	31.95594094
OTU_32	0	0	0	0	0	0.138369835	0.479331812	0.184037057	0.318851763	0	1.165804571	0.191633429	0	1.909647603	127.6021665	0	174.720574	0	0.146156839	0.160223351	0	0	0	0	0	0	0.734316687	0	1.293810667	0.575848373	0.249351276	1.305735503	0	0.238940612	2.779870829	0	0	0.741298888	0	0	0	0.263722236	0	0	0	5.263694268	0	0.329715927	0.450010891	0	0	0	0.174773708	0	0	0	0.262282595	0	0	0.380759307	0	0	0	0	0
OTU_323	0	0	0	0	0	0	0	0	0	0	0	0	0	0	0	0	0	0	0	0	0	0	0	0	0	0	0	0	0	0	0	11.42518565	50.60316551	59.97409356	29.46663079	40.7859679	2.879609733	21.86831719	31.62462939	2.652288337	16.16476815	2.637222364	8.094025465	10.9655006	0	0	0	0	0	59.76619215	142.7144738	93.9390205	75.32746807	181.2759433	131.9243201	47.04640426	51.2762473	15.75322762	0.157469512	14.65923332	19.97012302	29.56618762	13.91817286	74.68827425	47.12694321
OTU_33	0	0	0.162747647	0	0	0.138369835	0	0	0	0	0	0	0	0	1.624355726	25.48552484	47.96904224	0.289660007	16.51572283	33.16623367	0	0	0	0	0	0.162811774	0	0	0	0	0	0	0.295924944	0	0	0.29342423	0.239967478	0	0	0	0	0	0	0	0	0	0	0	0	0	0	0	0	0	0	0	0	0	0	0	0	0	0	0	0
OTU_333	9.563669739	0	11.55508291	0	0	0	0	0	0	0	0	0	0	0	0.360967939	1.911414363	0.999355047	1.013810025	0.876941035	2.403350266	0	10.68304112	0	0	0	0.162811774	0	0	0	0	0	0	0	0	0	0	0	1.111948332	1.139626284	2.652288337	0.950868715	1.054888946	1.349004244	2.492159228	0	0	0	0	0	0	0	0	0	0	0	0	3.278532436	0.268520925	0	0.761518614	0.363093146	0	0	0	0
OTU_338	0	0	0	0	0	0	0	0	0	0	0	0	0	0	0	0	0	0	0	0	0	0	0	0.527803798	0	0	0.367158344	0	6.037783112	21.59431399	0	0	5.178686529	5.017752848	0	2.934242295	5.759219467	0	0	0	0	0	0	0	1.337736338	0.250652108	1.935751573	0	3.150076236	0	4.479826531	1.316902157	1.57296337	2.568254215	0.407173827	0	0	0	0	0	0	5.512340064	2.036805784	4.828983249	14.5254277
OTU_34	0.164890858	0	0	0	0	0	0	0	0	0	0	0	0	0	5.234035118	75.02301376	93.9393744	21.00035051	18.70807541	19.06657877	0	0	0.167037232	0	0.204960317	0.162811774	0	0	0	0	0	0	0.147962472	0	0	0	0	0	0	0	0.475434357	0	0	0	0	0.250652108	0	0	0	0	0	0	0	0.107010592	0	8.891932076	60.71842072	7.429078936	0.157469512	7.805565794	1.452372583	0.250560912	0.339467631	0.96579665	0.645574564
OTU_35	10.71790574	0	8.137382331	0	0	0	0	0.184037057	0.637703527	0.28551686	0	0	0	0	1.263387787	28.19336186	38.14205095	2.317280056	4.530862014	15.54166505	0	10.01535105	0	0	0	0	0	0.315998776	0	0	0	0	0	0	0	0	0	6.301040545	5.983037992	12.99621285	2.852606144	8.702833801	11.12928501	19.43884198	0	0.250652108	0	0	0.450010891	0	0	0	0	0	0	4.850144769	22.81858576	3.66978598	0	5.521009952	0	0	0	0	0
OTU_355	0	0	0	0	0	0	0	0	0	0	0	0	0	0	0	0.15928453	0	0	0	0.160223351	0	0	0	0	0	0	0	0.315998776	0	0	0	0	0	0	0	0	0	0.741298888	6.267944563	6.630720842	7.131515361	2.109777891	7.756774404	14.95295537	0	0	0	0	0	0	0	0	0	0	0	0.323342985	30.55592231	2.506195304	0.157469512	3.617213417	4.538664323	0	0	0	0
OTU_36	0	0	0	0	46.25373134	19.51014667	3.195545416	138.2118297	0	0	0	0	0	0	0	0	0	0	0	0	0	0	12.69482961	72.83692413	215.8232143	8.303400449	0	0	0	0	0	0	0	0	0	0	0	44.47793326	0	0	0	0	0	0	0	0	0	0	0	0	0	0	0	0	0	0	0	0	107.5516768	0	0.363093146	0	0	0	0
OTU_37	0	0	0	0	0	0	0	0	0	0	0	0	0	0	4.873067179	24.68910219	6.828926153	9.558780231	15.49262495	27.87886308	0	0.166922518	0	0	0	0	0	0	0	0	0	0	0	0	0	0	0	0	0	0	0	0	0	0	0	0	0	0	0	0	0	0	0	0	0	0	0	0	0	0	0	0	0	0	0
OTU_372	0	0	0	0	0	0	0	0	11.79751524	3.997236042	1.554406094	3.832668584	3.550972177	0.954823801	0	0	0	0	0	0	0	0	0	0	0	0	1.468633375	6.003976751	1.725080889	1.727545119	1.246756382	0	0	0	0	0	0	0	0	0	0	0	0	0	0.802641803	0.751956324	0.829607817	0.989147782	0	0	0	0	0	0	0	0	0	0	0	0	0	0.250560912	3.055208676	4.185118816	0.322787282
OTU_38	6.595634303	0	2.441214699	0	0	0	0.159777271	0	0	0	0	0	0	0	0.360967939	0.796422651	6.662366978	5.648370137	3.215450462	7.370274148	0	2.169992728	0	0	0	0	0.367158344	0.315998776	0	0	0	0	0	0.238940612	0	0	0	0	0	0	0	0	0	0	0	0	0	0	0	0	0	0	0	0	0	0	0	0	0	0	0	0	0	0	0
OTU_382	0	0	0	0	0	0	0	0	0	0	0	0	0	0	0	0	0	0	0	0	0	0	0	0	0	0	0	0	0	0	0	0	0	0	0	0	0	0	0	0	0	0	0	0	0	0	0	0	0	0	0	0	0	0	0	0	0	0.089506975	13.38490854	0	0	0	0	0	0
OTU_387	0	0	0.162747647	0	0	0	0	0	0	0.28551686	0	0	0.443871522	0	0	0	0	0.144830004	0.292313678	0	0	0	0	0	0	0	0	0	0	0	0	0	0	0	0	0.29342423	0	0	0	0	0	0	0	0	15.51774152	25.31586291	24.88823451	19.78295563	12.60030494	0	0.159993805	0	0	0	0	0	0	0	0	0	0	17.28870293	6.789352613	24.14491624	17.43051324
OTU_39	0	0	0	0	0	0	0	0	0	0	0	0	0	0.477411901	0.360967939	8.123511044	9.32731377	1.737960042	2.192352587	1.442010159	0	0	0	0	0	0	0	0	0	0	0	0	0	0	0	0	0	0	0	0	0	0	0	0	0	0	0	0	0	0	0	0	0	0	0	0	0	0	0	0	0	0	0	0	0
OTU_398	0	0	0	0	0	0	0	0	0	0	0	0	0	0	0	0	0	0	0	0	0	0	0	0	0	0	0	0	11.644296	32.24750888	0	0.979301627	38.76616773	74.7884115	2.779870829	32.86351371	55.19251989	0	0.284906571	0	0	0	0	0	15.25019425	6.266302699	13.82679695	2.637727418	8.100196036	6.241406143	35.03864323	5.267608626	11.88461213	23.5423303	3.257390619	0	0	0	0	0	0.181546573	4.259535504	5.092014459	9.014102065	9.360831185
OTU_4	0.494672573	80.65146786	0.325495293	1745.477023	2331.57698	1918.359387	1383.99072	1107.719045	0	0	0.388601524	0	0	0	0	0.477853591	0.166559174	0.289660007	0.292313678	0.160223351	218.6884513	0	772.0460848	252.6420846	1461.162103	250.7301312	0.367158344	0	0	0	0	0.652867752	0	0	0	0	0	0.370649444	0	0	0.950868715	0.791166709	0	0	0	0	0	0	0	0	0	0.438967386	0.699094831	0.321031777	0	0.161671492	0	0	621.8471037	0	2.541652021	0	0	0	0
OTU_40	75.0253402	0	33.8515105	0	0	0	0.159777271	0.184037057	0	0	0	0	0	0	4.33161527	8.919933696	2.664946791	0.434490011	1.023097874	0.801116755	0	58.25595863	0	0	0	0	0.367158344	0	0	0	0	0	0	0	0	0	0	0	0	0	0	0	0	0	0	0	0	0	0	0	0	0	0	0	0	0	0	0	0	0	0	0	0	0	0
OTU_405	0	0	0	0	0	0	0	0	0	0	0	0	0	0	0	0	0	0	0	0	0	0	0	0	0	0	0	0	0	0	0	0	0	0	0	0	0	0	0	0	0	0	0	0	0	0	0	0	0	0	0	0	0	0	0	21.50230847	4.721086708	14.14210207	0	15.23037228	5.083304042	0	0	0	0
OTU_41	9.398778882	0	10.90409232	0	0	0	0	0	0	0	0.388601524	0.958167146	0	0	7.580326723	9.875640877	19.15430506	12.16572029	12.13101765	18.42568537	0	14.02149148	0	0	0	0	0.367158344	0.315998776	0	0	0	0	6.510348779	1.911524894	1.667922497	2.053969607	0	1.853247219	7.97738399	7.956865011	5.229777931	9.494000511	5.733268038	10.46706876	0.267547268	0	0	0	0	3.215269831	0	3.731222777	0	4.387434284	0	2.910086861	20.98260759	4.833376657	0	12.94581644	4.35711775	0	0	0	0
OTU_413	0	0	0	0	0	0	0	0	0	0	0	0	0	0	0	0	0	0	0	0	0	0	0	0	0	0	0	0	0	0	0	0	0	0	0	0	0.239967478	0	0	0	0	0	0	0	17.92566693	0.250652108	0	21.7612512	18.45044653	0	0	0.109741846	0	0	0	0	0	0	0	0	0	14.28197198	22.06539599	18.35013635	41.96234669
OTU_42	41.88227782	0	43.45362165	0	0	0	0	0	0	0	0	0	0	0	0	0	0	0	0	0	0	47.90676254	0	0	0	0	0	0	0	0	0	0	0	0	0.555974166	0	0	1.482597775	0.854719713	0.265228834	3.803474859	0.791166709	1.349004244	0.498431846	0	0	0	0	0	0	0	0	0	0	0	1.293371938	1.04913038	2.148167403	1.732164634	3.80759307	2.178558875	0	0	0	0
OTU_423	0.329781715	0	0	0	0	0	0	0	0.318851763	0	70.72547729	106.7398201	138.0440434	58.72166378	0	0.15928453	1.165914221	0.144830004	0.146156839	0.160223351	0	0.166922518	0	0	0	0	75.26746046	95.74762924	15.525728	75.72406104	101.2366182	2.937904882	12.2808852	13.85855548	1.111948332	13.20409033	0.239967478	6.671689989	8.832103703	9.017780345	11.41042458	3.164666837	11.12928501	8.971773221	21.93887594	52.38629057	59.45522688	21.43153527	39.15094751	4.539204467	7.679702625	8.230638479	10.83596988	11.55714397	5.293259756	10.508647	16.91722737	11.99393467	0	15.61113159	8.532688928	32.57291856	9.165626027	15.77467861	34.21545192
OTU_424	0	0	0	0	0	0	0	0	0	0	0	0	0	0	0	0	0	0	0	0	0	0	0	0	0	0	0	0	0	0	0	0.652867752	27.81694478	58.30150928	1.111948332	27.28845334	34.31534932	0	0	0	0	0	0	0	31.57057757	15.54043069	26.54745014	2.637727418	21.15051187	1.702201675	28.47889724	3.731222777	9.612553929	18.61984306	0.407173827	0	0	0	0	0	0.181546573	21.04711661	21.0469931	13.84308531	29.37364268
OTU_426	0	0	0	0	0	0	0	0	0	0	0	0	0	0	0	0	0	0	0	0	0	0	0	0	0	0	0	0	0	0	0	0	0.295924944	2.867287342	7.783638321	0.29342423	0	0	0	0	0	0	0	0	26.48717949	4.511737944	19.91058761	1.318863709	19.8004792	2.269602234	0	0.438967386	0.524321123	0	0	0	0.131141297	0	0	0	0	21.79879935	14.25764049	6.438644332	11.62034216
OTU_43	0	6.367221147	0	5.704705929	84.03455695	2.629026857	2.396659062	9.385889898	2.231962343	1.713101161	2.331609141	2.874501438	0.887743044	6.206354708	0.18048397	0	0	0	0	0	2.308057534	0	15.36742531	5.102103381	29.71924603	8.954647543	0.367158344	0	0.431270222	0	0.748053829	15.66882604	15.53605959	1.672584283	3.335844995	2.053969607	0.239967478	0	0	0	0	0	0	0	0	0.751956324	0.276535939	0.329715927	0.450010891	6.619673182	3.999845117	8.340380325	5.068437526	4.387434284	8.143476547	0.161671492	0	0	0	0	0	7.266266448	0	0	0
OTU_435	0	0	0	0	0	0	0	0	0	0	0	0	0	0	0	0	0	0	0	0	0	0	0	0	0	0	0	0	0	0	0	0	0	0	0	0	0	0	0	0	0	0	0	0	0	3.509129512	4.977646901	3.956591127	5.850141581	0	0	0	0	0	0	0	0	0	0	0	0	7.015705536	3.734143937	2.575457733	3.550660105
OTU_44	5.4413983	0	11.06683997	0	0	0	0	0	3.507369396	4.568269762	1.943007618	1.533067433	1.775486089	2.387059503	57.5743863	47.46679002	73.78571429	17.23477042	15.63878179	23.39260925	0	9.013815949	0	0	0	0.162811774	1.101475031	2.527990211	0.431270222	2.303393492	0.997405105	0	0	0	0.555974166	0	0	0.370649444	0	40.04955389	0	0.527444473	56.3209272	58.81495778	0	0.250652108	0	0	0	0	0.159993805	0	0	0	0	0.323342985	51.80081249	74.64881726	0.157469512	85.67084408	0.181546573	1.753926384	2.376273414	1.287728866	0.968361847
OTU_440	0	0	0	0	0	0	0	0	0	0	0	0	0	0	0	0	0	0	0	0	0	0	0	0	0	0	0	0.631997553	0.431270222	0	0.249351276	0	0.147962472	0	0	0	0	0.370649444	0	0	0	0	0	0	0	0.250652108	0	0	0	0	0	0	0	0	0	0	0	0	0	0	0	0	0	0	0
OTU_45	100.748314	0	64.61081571	0	0	0	0	0.368074114	0	0	0	0	0	0	4.151131301	6.052812151	0.999355047	3.186260077	0.584627357	5.127147233	0	97.8165953	0	0	0	0	0	0	0	0	0	0	0	0	0	0	0	0	0	0	0	0	0	0	0	0	0	0	0	0	0	0	0	0	0	0	18.88434683	0.089506975	0	0.190379654	0	0	0	0	0
OTU_46	0	0	0	0	0	0	0	0	0	0	0	0	0	0	12.99484581	11.94633977	12.49193808	14.77266036	9.354037706	8.972507658	0	0	0	0	0	0	0	0	0	0	0	0	0	0	0	0	0	4.447793326	5.983037992	8.487322678	6.180646646	3.428389073	12.1410382	7.476477684	0	0	0	0	0	0	0	0	0	0	0	1.778386415	1.704836867	4.654362707	0	2.855694803	5.446397188	0	0	0	0
OTU_47	25.55808292	0	33.68876285	0.162991598	0.138900094	0	0	0	44.32039509	83.37092316	52.46120568	35.83545126	39.948437	26.73506644	9.746134358	12.26490883	24.98387617	15.49681038	9.061724028	3.685137074	0	32.54989093	0	0	0	0	28.27119246	18.64392781	6.469053335	23.60978329	32.16631465	40.15136672	30.48026928	36.79685422	22.23896663	22.00681721	19.91730066	9.266236096	7.97738399	18.03556069	14.73846508	13.71355629	17.19980411	28.4106152	10.16679617	9.524780103	9.125685986	10.8806256	6.750163363	29.50482904	41.91837683	32.81281207	20.79807123	32.31719887	29.7236894	6.790202676	20.98260759	11.99393467	13.06996951	9.899741983	8.895782074	12.5280456	14.25764049	10.94569536	13.23427857
OTU_48	0	0	0	0.162991598	0	0	0	0	31.56632456	35.97512438	20.20727923	11.30637232	21.74970459	10.98047371	10.46807024	8.919933696	13.65785231	16.3657904	22.21583955	16.0223351	0	0	0	0	0	0.162811774	12.48338369	22.11991435	9.056674669	25.91317678	16.95588679	0	0	0	0.555974166	0	0	0	0	0	0	0	0.337251061	0.498431846	0	0	0.829607817	0	0	0	0	0	0	0	0	0	0	0	0	0	0	0	0	0	0
OTU_49	12.20192346	0	8.625625271	0	0	0	0	0	19.44995756	33.6909895	15.93266247	12.83943976	13.76001719	5.728942808	1.443871757	2.229983424	4.830216059	6.227690151	4.530862014	3.845360425	0	11.85149875	0	0	0	0	13.95201706	10.42795962	8.625404446	11.80489165	8.477943395	0	0	0	0	0	0	0	0	0	0	0	0	0	0	0	0	0	0	0	0	0	0	0	0	0	0.131141297	0	0	0	0.181546573	0	0	0	0
OTU_493	0	0	0	0	0	0	0	0	9.565552898	4.568269762	1.943007618	2.874501438	3.550972177	2.387059503	0	0	0	0	0	0	0	0	0	0	0	0	3.671583437	6.319975528	2.156351112	1.727545119	0.748053829	0	0	0	0	0.29342423	0	0	0	0	0	0	0	0	7.758870759	3.007825296	2.212287512	0.329715927	0	0	0	0	0	0	0	0	0	0	0	0	0	2.004487296	2.376273414	1.609661083	3.550660105
OTU_5	0	744.1485638	0.325495293	94.53512682	137.3721931	282.2744625	84.20262171	1415.981115	5.420479975	1.427584301	5.44042133	1.724700863	0	4.774119006	0	0.637138121	0	0.289660007	0.584627357	0.160223351	497.8191593	0.166922518	281.1236609	274.6339096	981.7599206	762.9359707	0.367158344	0.631997553	2.587621334	0	9.724699777	0	0	0	0	0.29342423	0	0	0	0	0	0	0.337251061	0	0.535094535	2.757173188	0.829607817	0	0.900021782	0	0	0	0	0	0	0	0	0	0	0	0	0	0.339467631	0.321932217	0
OTU_50	39.07913325	0	36.2927252	0	0	0	0	0	0	0	0	4.215935442	0.443871522	1.432235702	2.526775574	3.185690606	3.331183489	3.186260077	3.361607301	2.403350266	0	16.02456169	0	0	0	0	2.93726675	2.211991435	2.156351112	0.863772559	5.236376803	0	2.6633245	3.584109177	0.555974166	2.053969607	0.239967478	1.482597775	1.139626284	1.326144168	2.377171787	2.637222364	1.011753183	0.498431846	0	0	0	0	0	11.34801117	4.479826531	2.963029852	22.89535572	6.634656722	4.071738274	7.113545661	1.442554272	3.31175808	1.259756098	2.474935496	5.264850615	0	0	0	0
OTU_51	5.771180015	0	5.696167632	0	0	0	0.159777271	0	23.91388224	20.55721393	5.44042133	8.240237455	11.09678805	16.70941652	5.053551149	8.123511044	4.330538536	4.489730109	3.653920979	7.049827446	0	7.010745738	0	0	0	0	3.304425093	7.89996941	5.60651289	3.167166051	5.735079356	10.44588403	7.398123612	5.973515295	1.111948332	6.748757279	1.439804867	2.594546107	1.139626284	3.978432505	3.803474859	2.109777891	1.349004244	4.48588661	2.14037814	1.503912648	1.659215634	2.967443345	1.800043563	4.728337987	4.639820336	1.097418464	4.194568987	2.140211846	2.850216791	5.011816261	2.491684652	2.416688329	3.62179878	0.380759307	2.904745167	3.507852768	6.110417351	4.507051032	6.778532927
OTU_516	0.824454288	0	0.813738233	0	0	0	0	0	0	0	0	0	0	0	0	0	0.166559174	0	0	0	0	0.333845035	0	0	0	0	0	0	0	0	0	1.305735503	6.066461362	7.407158966	2.223896663	2.640818066	0.479934956	4.077143882	3.703785424	0.795686501	3.328040502	0.791166709	0.337251061	1.495295537	0	0	0	0	0	7.37620726	16.31936808	12.83979603	7.16572202	19.79695957	33.79542767	3.718444323	5.376793195	1.969153453	0	1.332657575	2.360105448	18.04038566	7.807755504	56.66007012	29.0508554
OTU_52	0.164890858	32.81567822	0	15.48420181	3.194702165	0.138369835	60.7153629	4.969000534	0	0	0	0	0	0	0	0	0	0	0.146156839	0	28.99497277	0	7.01556373	63.33645576	17.42162698	91.82584026	0	0	0	0	0	0	0	0	0	0	0	0	0	0	0	0	0	0	0	0	0	0	0	0	0	0	0	0	0	0	0	0	0	0	0	0	5.43148209	0	0
OTU_525	81.6209745	0	75.02666509	0	0	0	0	0	0	0	0	0	0	0	6.497422906	15.45059944	10.82634634	6.082860147	8.330939832	15.86211175	0	96.81506019	0	0	0	0.325623547	0	0	0	0	0	0	0	0	0	0	0	2.594546107	12.25098256	10.87438218	7.606949718	2.637222364	16.86255305	16.94668275	0	0	0	0	0	0	0	0	0	0	0	0.161671492	35.67043291	2.595702279	0	3.997972724	3.08629174	0	0	0	0
OTU_526	0.164890858	0	0	0	0	0	0	0	0	0	0	0	0	0	0	0	0	0	0	0.320446702	0	0	0	0	0	0	0	0	0	0	0	0	0.147962472	0	0	0	0	7.783638321	17.94911398	16.44418769	27.09975837	1.582333418	13.15279138	16.4482509	0	0	0.276535939	0	0	0	0	0	0	0	0	0	0	0	0	0	0	0	0	0	0
OTU_527	0	0	0	0	0	0	0	0	0	0	0	0	0	0	0	0	0	0	0	0	0	0	0	0	0	0	0	0	0	0	0	0	0	0.238940612	0	0	0	1.482597775	3.703785424	3.713203672	2.377171787	0.263722236	1.686255305	5.981182147	0	0	0	0	0	0	0	0	0	0	0	0.161671492	11.54043418	0.805562776	0	0.571138961	2.904745167	0	0	0	0
OTU_53	0	0	0	0	0	0	0	0	0	0	0	0	0	0	0.18048397	8.123511044	15.32344405	3.910410095	2.776979944	4.806700531	0	0	0	0	0	0	0	0	0	0	0	0	0	0	0	0	0	0	0	0	0	0	0	0	0	0	0	0	0	0	0	0	0	0	0	0	0	7.339571961	0	3.997972724	0.363093146	0	0	0	0
OTU_54	0	0	0	0	0	0	0	0	33.16058338	75.37645108	61.0104392	56.34022818	99.42722097	44.39930676	6.677906875	14.33560773	10.16010964	2.46211006	2.923136783	6.248710691	0	0	0	0	0	0	59.84681002	47.71581523	39.67686045	16.987527	12.96626637	0	0	0.238940612	0	0	0	5.189092214	17.66420741	16.97464536	16.64020251	10.02144498	43.16813581	25.91845597	58.05775706	24.31325447	29.86588141	55.7219917	37.35090394	0	0	0	0	0	0	27.48415369	27.40853117	14.58963695	16.69176829	13.32657575	28.32126538	53.87059608	161.2471245	135.8553954	60.68400906
OTU_546	0	0	0	0	0	0	0	0	0	0.28551686	0	0	0	0	0	0	0	0	0	0	0	0	0	0	0	0	0	0	0	0	0	0.979301627	25.00565781	54.7174001	2.223896663	24.06078682	29.51599977	0	0	0	0	0	0	0	3.745661746	1.754564756	2.488823451	0.659431854	2.250054454	2.269602234	31.51877952	3.182513545	10.83596988	20.43902313	2.443042964	0	0	0.089506975	0	0	0	2.004487296	1.697338153	0.643864433	2.90508554
OTU_55	1.319126861	0	0.48824294	0	0	0	0	0	0	0	0	0	0	0	0.902419848	5.89352762	5.163334408	6.082860147	3.069293622	4.966923882	0	0	0	0	0	0	0	0	0	0	0	8.160846895	32.84766884	21.50465506	25.57481163	21.12654452	2.639642256	0.370649444	1.424532855	1.591373002	1.90173743	0	0.674502122	0.498431846	0	0	0	0	0	16.45461619	39.35847595	29.74004037	26.21605617	34.24338953	32.16673236	1.940057908	1.573695569	1.074083702	0	2.474935496	0.181546573	0	0	0	0
OTU_56	37.59511553	0	10.25310174	0	0	0	0	0	0	0	0	0	0	0	5.053551149	5.73424309	4.49709771	0.289660007	1.461568392	0.801116755	0	19.52993456	0	0	0	0	0	0	0	0	0	0	0	0	0	0	0	0	0.854719713	0.265228834	1.426303072	0	0.337251061	0.498431846	4.013209013	0.751956324	4.701110962	1.318863709	3.600087127	0	0	0	0	0	0	1.778386415	1.573695569	0.447534876	0.157469512	0.380759307	2.360105448	6.514583712	4.073611568	3.863186599	2.582298258
OTU_565	0	0	0	0	0	0	0	0	0	0	0.388601524	0	0	0	0	0	0	0	0	0	0	0	0	0	0	0	0	0	0	0	0	0.979301627	34.77118098	65.94760886	2.779870829	31.98324102	51.11307277	0	0	0	0	0	0	0	5.618492618	1.503912648	3.041895329	0	0.900021782	3.971803909	35.35863084	3.95070647	13.63234921	25.25449978	1.221521482	0	0	0	0	0	0.181546573	1.002243648	0	1.287728866	1.613936411
OTU_57	0	1.142834565	0	2.118890774	11.66760791	2.075547519	14.53973164	7.361482273	0	0	0	0	0	0	0	0	0	0	0	0	4.327607876	0	32.23818571	0.351869199	13.32242063	0.814058868	0	0	0	0	0	0	0	0	1.111948332	0.29342423	0	0	0	0.265228834	0	0	0	0	0	0	0	0	0	0	0	0	0	0	0	0	0	0	0	0	0	0	0	0	0
OTU_572	0.989345145	0	0.48824294	0	0	0	0	0	0.318851763	0.28551686	48.57519044	65.53863278	104.3098077	36.28330445	1.443871757	0.796422651	0.166559174	0.579320014	0.438470517	0.640893404	0	0.500767553	0	0	0	0	54.33943487	58.77577241	13.80064711	47.79541495	59.84430632	5.875809765	26.78120748	22.69935812	3.335844995	27.8753018	0.239967478	14.82597775	13.67551541	27.84902754	24.24715223	2.9009446	34.06235717	22.9278649	25.41699042	31.08086139	43.13960648	19.12352378	26.10063167	10.78061061	11.67954774	13.7177308	15.90440741	17.65674773	20.35869137	13.58040535	24.39228133	14.58963695	2.204573171	22.08403981	16.52073814	33.82572312	13.23923759	18.99400078	40.67119756
OTU_576	0	0	0	0	0	0	0	0	0	0	0	0	0	0	0	0	0	0	0	0	0	0	0	0	0	0	0	0	0	0	0	0	9.617560696	0	0	0	0	0.741298888	0	0.265228834	1.426303072	0	0.674502122	0.498431846	0	0	0	0	0	100.0516318	66.87741036	44.22596409	80.5706793	49.43889364	86.72802523	0.323342985	0.131141297	0.447534876	1.41722561	0.190379654	1.633919156	0	0	0	0
OTU_58	0	0	0	0	0	0	0	0	0	0	0	0	0	0	14.43871757	8.760649165	10.99290551	2.46211006	5.700116727	7.850944201	0	0	0	0	0	0	0	0	0	0	0	0	0	0	0	0	0	0.370649444	1.709439426	0	0.475434357	0	0	0	0	0	0	0	0	0	0	0	0	0	0	0	0.131141297	0.447534876	0	0.380759307	0	0	0	0	0
OTU_59	91.51442595	0	94.39363504	0.162991598	0.138900094	0	0.319554542	0	0.318851763	0.28551686	0.777203047	0.191633429	0	0.477411901	13.71678169	12.1056243	11.82570139	10.13810025	7.892469315	9.613401062	0	101.6558132	0	0	0.204960317	0	0.734316687	0	0	0	0	78.34413019	72.5016114	242.524721	15.56727664	127.3461156	26.63639003	15.56727664	86.04178446	265.4940625	10.93499022	0.791166709	10.79203395	8.971773221	4.280756281	6.516954807	4.977646901	23.73954676	5.850141581	38.58323797	201.9121815	152.870392	17.30259707	124.4533188	375.007095	16.65216371	1.311412974	10.91985097	55.90167683	11.80353852	13.79753954	7.015705536	4.073611568	1.287728866	2.582298258
OTU_6	601.3569576	0.326524161	550.2497932	0.651966392	0.694500471	1.245328511	0.958663625	0.368074114	605.1806467	986.4607518	519.1716355	644.0799555	1039.103233	430.6255344	537.8422294	297.384218	411.2346017	372.792429	321.691203	325.413626	0.144253596	498.59756	0.167037232	0.879672997	0	1.628117735	681.8130443	715.4212297	241.9425947	624.2196363	757.7785288	116.2104598	540.2109862	464.2616087	138.9935414	732.9737253	37.43492653	256.4894151	396.0201338	518.5223699	378.9211828	189.3525657	635.7182501	504.4130277	322.3944574	224.8349409	317.4632579	204.094159	262.3563494	339.3055339	430.5433284	489.5583767	541.2741731	476.625178	400.6590461	311.0559512	584.2344801	362.1452214	108.1815549	477.472171	318.6142355	296.4135589	161.5865922	200.2418387	381.2117803
OTU_60	10.55301488	0	4.556934105	0	0	0	0.319554542	0.55211117	0.637703527	2.284134881	6.994827424	2.682868009	1.775486089	4.296707106	9.565650389	16.24702209	10.99290551	1.158640028	1.461568392	2.884020319	0	4.673830492	0	0.175934599	0.409920635	0	2.202950062	3.159987764	0.862540445	3.167166051	7.729889566	0	40.68967987	1.194703059	0.555974166	0	0	0.741298888	0	0	0	0	0	0	0	0	0	0	0	0	0	0	0	0	0	3.880115815	1.311412974	4.564855732	0	2.474935496	3.08629174	0	0	0	0
OTU_608	0	0	0	0	0	0	0	0	4.463924686	3.711719182	1.165804571	0.383266858	3.107100655	0.954823801	0	0	0	0	0	0	0	0	0	0	0	0	1.468633375	0.947996329	1.293810667	0.287924186	2.244161487	1.305735503	0	0	0	4.107939213	0	0	0	0	0	0	0	0	0	0	0	0	0	1.702201675	0.479981414	1.865611389	1.398189662	2.568254215	7.73630272	0	0	0	0	0	0	0	0	0	0
OTU_609	0	0	0	0	0	0	0	0	0	0	0	0	0	0	0	0	0	0	0	0	0	0	0	0	0	0	0	0	0	0	0	0	0	0	0	0	0	0	3.703785424	2.121830669	1.426303072	0.527444473	4.384263794	3.489022919	0	0	0	0	0	0	0	0	0	0	0	0	12.58956456	1.432111602	0	0.761518614	2.178558875	0	0	0	0
OTU_613	0	0	0	0	0	0	0	0	0	0	2.720210665	3.832668584	7.545815877	7.16117851	0	0	0	0	0	0	0	0	0	0	0	0	9.546116936	7.583970633	0.431270222	4.606786983	6.483133184	5.549375889	17.01568431	19.35418956	5.559741658	26.70160489	1.199837389	4.447793326	17.66420741	22.8096797	14.26303072	7.120500383	20.23506366	21.93100121	10.43434343	1.503912648	1.106143756	4.616022981	9.450228708	10.96974413	16.9593433	19.75353235	26.39082988	18.51283247	5.293259756	18.43055012	35.8015742	21.39216706	6.45625	23.22631773	16.33919156	5.762900976	4.413079198	5.794779899	10.9747676
OTU_619	0	0	0	0	0	0	0	0	9.884404661	22.27031509	5.44042133	1.149800575	4.438715222	0	0	0	0	0	0	0	0	0	0	0	0	0	4.405900124	4.107984093	4.312702223	0.575848373	5.236376803	0	0	0	0	0.29342423	0	0	0	0.265228834	0	0	0	0	0	0	0	0	0	0.567400558	0.159993805	0.548709232	0.349547416	0.214021185	1.628695309	0	0	0	0	0	0	0	0	0	0
OTU_62	0	1.306096645	0.162747647	1.303932784	0	0.691849173	1.278218166	0.920185284	0.95655529	0	3.497413712	0.574900288	0	1.909647603	0.18048397	0.15928453	0.666236698	0	0	0	7.068426197	0.500767553	26.72595707	0.351869199	2.869444444	0	0	0.315998776	0	0	0.249351276	0	0	0	0.555974166	0.29342423	0	0	0	0	0	0	0	0	0	0	0	0	0	0	0	0	0	0	0	0	0	0	0	0	0	0	0	0	0
OTU_623	0	0	0	0	0	0	0	0	0	0	0	0	0	0	0	0	0	0	0	0	0	0	0	0	0	0	0	0	0	0	0	0	0	0.238940612	0	0	0	0	0	0.265228834	0	0	0	0	0	0	0	0	0	0	0	0	0	0	0	0	0	0	0	0	0	0	0	0	0
OTU_625	0	0	0	0	0	0	0	0	6.058183502	9.993090105	0.777203047	0.191633429	2.663229133	0.477411901	0	0	0	0	0	0	0	0	0	0	0	0	1.101475031	1.579993882	2.587621334	0.863772559	0.498702553	0	0	0	0	0.586848459	0	0	0	0	0	0	0	0	0	0	0	0	0	0	0	0	0	0	0	0	0	0	0	0	0	0	0	0	0
OTU_63	0	0	0	0	0	0	0	0	0.637703527	0.28551686	0	957.0173453	185.9821678	909.4696707	0	0	0	0	0	0	0	0	0	0	0	0	538.9884486	464.5182013	889.2791984	400.5025434	264.5617042	0	0	0	0	0	0	0	0	0.265228834	0	0	0.337251061	2.990591074	0	0.250652108	0	0	0	0	0	0	0	0	0	0	0	0	0	0	0	0	0	0	0
OTU_637	0	0	0	0	0	0	0	0	3.188517633	5.710337203	0	1.341434004	0.443871522	0	0	0	0	0	0	0	0	0	0	0	0	0	0	0.631997553	0.431270222	0.287924186	2.992215316	0	0	0	0	0	0	0	0	0	0	0	0	0	0	0	0	0	0	0	0	0	0	0	0	0	0	0	0	0	0	0	0	0	0
OTU_64	0	0	0	0	0	0	0	0	0	0	0	0	0	0	11.00952215	5.89352762	11.32602386	0	0	0.160223351	0	0	0	0	0	0	0.367158344	0	0	0	0	0	0	0	0	0	0	0	0	0	0	0	0	0	0	0	0	0	0	0	0	0	0	0	0	0	0	0	0	0	0	0	0	0	0
OTU_643	0	0	0	0	0	0	0	0	0	0	0	0	0	0	0	0	0	0	0	0	0	0	0	0	0	0	0	0	0	0	0	0	0	0	0	0	0	0	0	0	0	0	0	0	0	0	0	0	0	0	0	0	0	0	0	0	0	0	0	0	0	0	0	0	0
OTU_65	0	0	0	0	0	0	0	0	0	0.28551686	0	0	0.443871522	5.251530907	0	0	0	0	0	0	0	0	0	0	0	0	0	0	0	0	0.249351276	3.91720651	0.147962472	0.955762447	1.111948332	0	0	0	0	0	0	0.263722236	0	0	395.969956	651.9461328	234.5024762	836.8190233	578.7140057	0	0	0	0	0	0	0	0	0	0	0	0	69.40537263	316.0443641	185.1110245	30.66479181
OTU_650	0	0	0	0	0	0	0	0	0	0	0	1.149800575	0	0.477411901	0	0	0	0	0	0	0	0	0	0	0	0	3.304425093	6.319975528	0.431270222	0	0	0.979301627	5.474611473	3.106227954	0.555974166	9.389575344	0	0	0	0	0	0	0	0	0	0	0	0	0	4.728337987	4.639820336	6.584510783	7.864816851	5.029497838	2.850216791	0.161671492	0	0	0	0	0	0	0	0	0
OTU_66	1.484017718	0	5.858915278	0	0	0	0	0	0	0	0	0	0	0	1.082903818	1.592845303	1.998710094	0.579320014	1.023097874	1.121563457	0	4.673830492	0	0	0	0	0	0	0	0	0	0	2.515362028	1.194703059	1.111948332	4.988211902	0	0	2.279252568	0	1.90173743	1.054888946	1.011753183	0.498431846	0	0	0	0	0	4.728337987	9.919615891	7.133220015	7.515269436	5.778571984	17.10130075	0.646685969	0.655706487	0.895069751	0	1.142277921	0	0	0	0	0
OTU_661	0	0	0	0	0	0	0	0	0	0	0	0	0	0	0	0	0	0	0	0	0	0	0	0	0	0	0	0	0.431270222	0.575848373	0	1.305735503	15.38809711	14.57537732	27.24273412	7.629029967	11.99837389	0	0	0	0	0	0.337251061	0	5.350945351	4.511737944	10.50836568	0	6.300152472	10.96974413	1.759931852	16.02230957	1.223415955	1.605158884	33.79542767	0	0	0	0	0	0	2.756170032	4.752546829	3.219322166	4.196234669
OTU_673	0	0	0	0	0	0	0	0	0	0	0.388601524	0	0	0	0	0	0	0	0	0	0	0	0	0	0	0	0	0	0	0	0	0	0.295924944	8.123980801	16.67922497	0.880272689	0.239967478	0	0.569813142	0.265228834	0	0.263722236	0	0.996863691	44.14529915	12.5326054	34.56699237	3.297159272	31.95077325	8.132741337	0.959962828	1.316902157	1.398189662	0.963095331	0.407173827	0.485014477	0.52456519	0.895069751	0	0.380759307	0.181546573	25.0560912	14.93657575	9.657966498	9.683618467
OTU_68	0	0	0	0	0	0	0	0	0.318851763	0	1.554406094	378.4760226	149.584703	174.7327556	0	0	0	0	0	0	0	0	0	0	0	0	799.3037142	765.3490364	10.78175556	20.15469305	17.70394062	34.92842471	160.2433574	41.09778523	20.57104413	187.2046584	6.719089378	0	0	1.326144168	0	0	3.035259549	0	0.267547268	0	0.553071878	0.329715927	1.800043563	110.8322424	68.3173546	130.4830553	124.6136537	112.5751431	142.5108396	0.323342985	0	0.17901395	0.157469512	0	0.363093146	0	0	0	0
OTU_69	0.824454288	0	1.139233526	0	0	0	0	0	13.07292229	0	0.388601524	1.724700863	0	0	2.165807635	1.592845303	6.162689455	2.606940063	2.484666266	2.403350266	0	1.669225176	0	0	0	0	0	0	0	0	0.249351276	0	0	0	0	0	0	0	0	0	0	0	0	0	0	0	0	0	0	2.080468714	0	0.658451078	0	0.963095331	0	0	0	0	0	0	0	0	0	0	0
OTU_692	347.4250369	0	315.4049391	0.325983196	0.138900094	0.138369835	0.639109083	0	0	0	0	0	0	0	309.3495239	169.4787402	234.5153176	201.0240449	181.3806374	195.1520416	0	285.437505	0.334074463	0	0	0.488435321	0	0	0	0	0	0	0	0	0	0	0	0	0	0.265228834	0	0	0	0	0	0	0	0	0	0.189133519	0	0	0	0.107010592	0	0	0	0.17901395	0	0	0	0	0	0	0
OTU_695	0	0	0	0	0	0	0	0	0	0.28551686	0	0	0	0	0	0	0	0	0	0	0	0	0	0	0	0	0	0	0	0	0	0	0	0	0	0	0	0	0	0	0	0	0	0	0	0	0	0	0	0	0	0	0	0	0	0	0.786847785	9.93527424	0	8.567084408	0	0	0	0	0
OTU_7	74.03599505	0.163262081	42.96537871	0.162991598	0.138900094	0.138369835	0.159777271	0.368074114	0	0	0	0	0	0	78.87149471	156.8952623	79.28216704	299.7981073	270.5363093	380.210012	0	41.56370688	0.334074463	0.175934599	0.204960317	0.162811774	0	0	0	0	0	0	0	0	0	0	0	0	0	0	0	0	0	0	0	0	0	0	0.900021782	0	0	0	0	0	0	0	0	0	0	0	0	0	0	0	0
OTU_70	0	0	0	0	0	0	0	0	0	0	0	0	0	0.954823801	0	0	0	0	0	0	0	0	0	0	0	0	0	0	0.862540445	0	0	0.326433876	0.295924944	0.477881224	0	0	0.239967478	0	0	0	0	0	0	0	0	189.4929936	161.7735243	217.9422279	175.0542365	0	0	0	0	0	0	0	0	0	0	0	0	281.3799042	158.8708511	204.1050253	231.4384814
OTU_708	0	0	0	0	0	0	0	0	0	0	0	0	0.443871522	0	0	0	0	0	0	0	0	0	0	0	0	0	0	0	0	0	0	1.632169379	3.107211917	1.194703059	12.23143165	1.173696918	2.639642256	0	0	0	0	0	0	0	0	1.002608432	0	2.308011491	0.900021782	1.323934636	1.919925656	1.097418464	2.796379325	1.605158884	0.407173827	0	0	0	0	0	0	0.501121824	0	0.321932217	0
OTU_709	0	0	0	0	0	0	0	0	0	0	0	0	0	0	0	0	0	0	0	0	0	0	0	0	0	0	0	0	0	0	0	0.326433876	0	0	0	0	0	0	0	0	0	0	0	0	0	0	0	0	0	0	0	0	0	0	0	0	0	0	0	0	0	0	0	0	0
OTU_711	0	0	0	0	0	0	0	0	0	0	0	0	0	0	0	0	0	0	0	0	0	0	0	0	0	0	0	0.315998776	0	0	0	0	0	0	0	0	0	4.81844277	0.569813142	4.243661339	1.426303072	1.054888946	26.30558276	6.479613993	0	0	0	0	0	0	0	0	0	0	0	33.6276704	1.180271677	8.413655662	0	5.711389606	11.61898067	0	0	0	0
OTU_72	0.164890858	0	0.162747647	0	0	0	0	0	10.84095995	2.855168601	0	0	0	0	0	0.637138121	8.327958723	0.868980021	1.75388207	1.442010159	0	0.500767553	0	0.175934599	0	0	0	1.579993882	0.431270222	0	0.748053829	0	0.147962472	0.238940612	0	0	0	0	0	0	0	0	0	0	0	0	0	0.659431854	0	0	0.159993805	0.109741846	0	0	0	0	0	0	0	0	0	0	0	0	0
OTU_723	0.164890858	0	0.325495293	0	0	0	0	0	0	0	3.886015236	2.107967721	3.9948437	2.387059503	0.18048397	0.15928453	0	0	0.146156839	0	0	0.500767553	0	0	0	0	2.93726675	3.47598654	0.431270222	1.727545119	3.740269145	0	0.295924944	0.238940612	0	0.586848459	0.479934956	0.370649444	0	0.530457667	0	0	1.011753183	0.498431846	6.153587154	9.775432211	14.10333289	4.616022981	4.9501198	0.567400558	0	0.329225539	0.349547416	0.214021185	0	0.323342985	0	0	0	0.190379654	0.181546573	13.02916742	5.770949721	7.726373198	16.13936411
OTU_727	0	0	0	0	0	0	0	0	0	0	0	0	0	0	0	0	0	0	0	0	0	0	0	0	0	0	0	0.631997553	0	0.287924186	0.997405105	7.507979144	15.53605959	8.601862025	77.83638321	4.401363443	15.83785353	0	0	0	0	0	0	0	1.07018907	7.268911131	3.594967207	11.86977338	0.900021782	9.645809493	7.359715016	11.19366833	9.962101345	5.243519022	4.478912101	0	0	0	0	0	0	1.25280456	0	0.96579665	0.322787282
OTU_73	0	0	0	0	0	0	0	0	0	0	0	0	0	0.477411901	0	0	0	0	0	0	0	0	0	0	0	0	0	0	0	0	0	0.326433876	0.295924944	0.716821835	0.555974166	0.29342423	0	0.741298888	0	0	0.475434357	0	0	0	123.3392903	146.3808311	113.9328069	121.6651771	157.0538009	0	0	0	0	0	0	0	0	0	0	0	0	226.2565035	232.1958593	179.6381769	188.8305601
OTU_74	0	0	0	0	0	0	0	0	0	0	0	0	0	0	3.068227483	5.73424309	4.163979361	2.317280056	1.75388207	2.243126915	0	0	0	0	0	0	0	0	0	0	0	0	0	0	0	0	0	10.37818443	6.552851134	0.265228834	9.03325279	3.955833546	0.674502122	0.498431846	0	0	0	0	0	0	0	0	0	0	0	10.67031849	2.885108544	5.191404558	1.259756098	3.997972724	12.16362039	0.250560912	0	0	0.322787282
OTU_753	0.329781715	0	0	0	0	0	0	0	0	0	0	0	0.443871522	0	0	0	0	0.434490011	0	0	0	0.166922518	0	0	0	0	1.101475031	0.631997553	0.431270222	0	0	0.652867752	0.887774833	0.477881224	0	0	0	166.7922497	320.804799	245.8671288	492.0745599	14.76844524	281.2673849	430.1466828	0	0	3.318431268	0	0.900021782	0	0	0	0	0	0	0	0	0	0	0	0	0	0	0	0
OTU_76	0	0	0	0	0	0	0	0	543.9611081	354.0409066	210.2334242	283.4258418	338.6739714	700.3632582	0	0	0	0	0.146156839	0	0	0	0	0	0	0	119.69362	82.15968186	116.44296	12.09281583	25.93253274	167.4605783	124.1405142	51.13329093	1.667922497	174.0005681	97.42679598	0	0	0	0	0	0	0.498431846	0.267547268	0.250652108	0	0	0	395.6673227	17.43932471	92.73186019	327.0016073	17.54973714	46.41781632	0	0	0	0	1.523037228	0	0	0	0	0
OTU_763	0	0	0	0	0	0	0	0	72.69820202	106.7833057	16.32126399	4.407568871	19.08647545	3.819295205	0	0	0	0	0	0	0	0	0	0	0	0	21.66234228	15.16794127	13.80064711	1.727545119	19.44939955	6.528677516	0	0.238940612	0.555974166	17.01860531	0	0	0	0	0	0	0	0	0	0	0	0.659431854	0	10.96974413	8.319677844	16.7905025	14.15667033	19.4759278	26.05912495	0	0	0	0	0	0	0	0	0	0
OTU_765	0.65956343	0	0.48824294	0	0	0	0	0	0.318851763	0	0.388601524	1.149800575	1.775486089	0.477411901	0.360967939	0	0	0	0.292313678	0	0	0	0	0	0	0	0.734316687	2.211991435	0.862540445	0.863772559	0.498702553	0.326433876	1.479624722	0.477881224	0	1.173696918	0	0.741298888	0.284906571	0.265228834	0.950868715	0.263722236	0.674502122	1.495295537	8.026418026	15.54043069	12.99718913	3.626875199	4.500108909	0.189133519	0.959962828	0.219483693	0.699094831	1.498148292	0.814347655	0.970028954	1.442554272	1.253097652	0	1.523037228	1.270826011	13.27972834	4.413079198	7.082508765	12.91149129
OTU_77	0	0	0	0	0	0	0	0	0	0	0	0	0	0	0.902419848	6.371381211	2.99806514	0	0	4.486253829	0	0	0	0	0	0	0	0	0	0	0	0	0	0	0	0	0	0	0	0	0	0	0	0	0.267547268	0.250652108	0	0	0	0	0	0	0	0	0	0	0	0	0	0	0	0	0	0	0
OTU_782	0	0	0	0	0	0	0	0	5.101628212	11.99170813	1.165804571	0.766533717	1.775486089	0	0	0	0	0	0	0	0	0	0	0	0	0	1.468633375	0.947996329	2.156351112	0	2.244161487	0	0	0	0	0.29342423	0	0	0	0	0	0	0	0	0	0	0	0	0	0	0.159993805	0.109741846	0	0	0	0	0	0	0	0	0	0	0	0	0
OTU_79	0	0	0	0	0	0	0	0	0	0.28551686	0	0	0	0.477411901	0	0	0	0	0	0	0	0	0	0	0	0	281.2432913	323.582747	2.156351112	7.773953035	293.9851548	0.326433876	6.066461362	9.079743249	2.779870829	6.455333049	8.158894245	0	0	0.795686501	3.803474859	0	0	0	13.10981611	18.7989081	15.76254852	13.18863709	16.20039207	1.891335195	8.799659258	5.267608626	3.320700448	5.778571984	2.035869137	0	0	0	0	0	0	7.767388272	12.89976996	8.370237631	17.43051324
OTU_797	0	0	0	0	0	0	0	0	0	0	0	0	0	0	0	0	0	0	0	0	0	0	0	0	0	0	0	0	0	0	0	0	2.515362028	0	0	0	0	0	0	0.265228834	0	0	0	0	0	0	0	0	0	19.10248547	11.35956013	11.63263572	18.17646561	10.48703804	13.84391013	0.161671492	0	0	0	0	0.181546573	0	0	0	0
OTU_8	53.259747	274.1170335	46.54582693	188.4182872	463.0929138	538.1202867	101.9378988	616.5241404	83.53916197	44.25511332	305.829399	103.2904183	94.98850575	672.673368	0.18048397	0.15928453	0.999355047	0.434490011	1.169254713	21.30970569	277.1111577	100.1535105	484.5750091	312.2839138	585.9815476	377.397691	37.08299271	91.63964515	54.34004801	64.78294196	2.74286404	337.2061937	75.1649359	35.36321055	291.3304629	105.0458742	550.7253615	154.1901686	148.1514169	21.74876436	88.43079047	75.68828185	17.19980411	5.482750302	59.3954934	6.767606915	2.488823451	8.572614108	4.9501198	34.23316703	73.43715635	21.2899182	80.74545301	23.22129853	38.27433977	19.72392206	14.03211883	35.6237761	36.2179878	21.13214154	8.714235501	15.28421563	1.357870523	0.321932217	0.645574564
OTU_800	0	0	0	0	0	0	0	0	0	0	71.50268033	108.0812541	171.3344076	58.24425188	0	0	0	0	0	0	0	0	0	0	0	0	83.71210236	106.8075864	15.95699823	92.99951223	101.7353207	3.91720651	22.19437084	15.53113977	2.779870829	23.76736259	0.479934956	11.49013276	17.94911398	16.97464536	18.06650558	4.483278019	27.99183807	16.4482509	25.14944315	50.63172581	68.58091286	18.46409192	38.70093662	8.132741337	12.63951057	17.55869542	19.05033415	16.6936524	8.957824202	19.40057908	23.21200965	20.49709731	0	26.27239219	18.15465729	32.32235765	10.18402892	14.48694975	32.27872822
OTU_808	0	0	0	0	0	0	0	0	0	0	0.388601524	0	0	0	0	0	0	0	0	0	0	0	0	0	0	0	0	0	0	0	0	0	0	0	0	0	0	0	0	0	0	0	0	0	0	0	0	0	0	0	0	0	0	0	0	0	0	0	0	0	0	0	0	0	0
OTU_81	0	0	0	0	0	0	0	0	0	0	0	0	0	0	7.941294662	6.371381211	5.663011932	2.027620049	0.876941035	0	0	0	0	0	0	0	0	0	0	0	0	0	0	0	0	0	0	0	0	0	0	0	0	0	0	0	0	0	0	0	0	0	0	0	0	0	0	0	0	0	0	0	0	0	0
OTU_825	0	0	0	0	0	0	0	0	0	0	1.554406094	0	0	0	0	0.15928453	0	0	0	0	0	0	0	0	0	0	0	0	22.42605156	27.6407219	16.95588679	0	2.219437084	0.477881224	0	0.586848459	0	21.86831719	22.50761911	37.39726555	9.03325279	55.11794741	32.37610186	22.42943305	0	0.501304216	14.9329407	0	0.450010891	1.323934636	0.319987609	0.548709232	0.524321123	0.321031777	0.407173827	27.64582518	40.65380221	24.43540421	42.98917683	33.88757833	41.75571178	0.501121824	0.678935261	1.609661083	0
OTU_83	0	0	0	0	0	0	0	0	0	0	0	0	0	0	0	0	0	0	0	0	0	0	0	0	0	0	0	0	0.862540445	0	0	52.22942013	47.20002865	78.13358006	17.7911733	104.7524499	10.55856902	0.370649444	0	0	0	0	0	0	0	0	0	0	0	79.81434522	0	141.6767237	0.174773708	188.1246212	0.407173827	0	0	0	0	0.190379654	0	0	0	0	0
OTU_84	0	0	0	0	0	0	0	0	183.6586156	154.7501382	78.10890624	86.80994342	168.2273069	109.3273252	0	0	0	0	0	0	0	0	0	0	0	0	94.35969433	50.24380545	78.49118046	45.77994565	59.34560377	0	0	0	0	0.29342423	0	0	0	0.265228834	0	0	0	0	0	0	0.553071878	0	0	0	0	0	0	0	0	0	0	0	0	0	0	0	0	0	0
OTU_847	0.824454288	0	1.46472882	0	0	0	0	0	0	0	0	0	0	0	0	0.15928453	0.166559174	0	0	0.160223351	0	2.003070211	0	0	0	0	0	0	0	0	0	9.793016274	5.770536418	27.00028913	3.335844995	14.67121148	2.639642256	1.853247219	9.971729987	25.72719687	0	0	1.011753183	0	0.535094535	0.250652108	0	4.286307054	1.800043563	3.59353687	28.47889724	19.31456496	2.272058202	15.51653588	32.16673236	1.778386415	0	2.058660428	7.87347561	1.332657575	1.997012302	0.501121824	0	0.321932217	0.645574564
OTU_85	0	0	0	0	0	0	0	0	0	0	0	0	0	0	0	0	0	0	0	0	0	0	0	0	0	0	0.367158344	0	0.431270222	0	0	26.11471006	57.11351429	20.78783323	11.67545748	43.42678597	73.90998316	18.16182275	23.36233883	31.82746004	54.6749511	18.72427878	24.95657852	39.3761158	0	0	0	0	0	8.132741337	39.83845737	14.48592372	45.44116403	14.87447233	57.41150966	0	41.70293259	0	0	0	0.544639719	0	0	0	0
OTU_861	0	0	0	0	0	0	0	0	2.550814106	1.427584301	0	0.574900288	0.443871522	0.954823801	0	0	0	0	0	0	0	0	0	0	0	0	0.367158344	0	0	0.575848373	0	0	0	0	0	0	0	0	0	0	0	0	0	0	2.943019943	2.757173188	3.871503145	0.989147782	0.450010891	0	0	0	0	0	0	0	0	0	0	0	0	0.250560912	6.449884982	3.219322166	1.613936411
OTU_87	0	0	0	0	0	0	0	0	4.463924686	11.99170813	0	12.26453947	16.42324632	2.387059503	0	0	0	0	0	0	2.45231113	0	3.173707402	0	0	0	13.21770037	3.791985317	6.469053335	2.879241865	8.228592119	0	0	0	0	0	0	0.370649444	0	0	0	0	0	0	0	0	0	0	0	0	0	0	0	0	0	0	0	0	0	0	0	0	0	0	0
OTU_876	0	0	0	0	0	0	0	0	0.95655529	0.28551686	0	0	0	0	0	0	0	0	0	0	0	0	0	0	0	0	0.367158344	0.315998776	0	0	0	0	0	0.238940612	0	0	0	0	0	0	0	0	0	0	9.364154364	9.023475887	6.360326596	3.297159272	0.900021782	0	0	0	0	0	0	0	0	0	0	0	0	2.255048208	33.2678278	25.75457733	6.455745645
OTU_88	0	0	0	0	0	0	0	0	0	0	0	0	0	0	0	0	0	0	0	0	0	0	0	0	0	0	0	0	0	0	0	0.326433876	0	0	0	0	0	22.60961607	29.63028339	10.34392451	17.11563687	34.28389073	17.87430624	16.94668275	39.5969956	10.52738854	11.61450944	23.40983083	19.8004792	0	0	0	0	0	0	0.161671492	9.835597309	3.759292956	28.81692073	7.805565794	55.91634446	34.32684495	43.79132435	40.88539151	8.715256621
OTU_89	0.164890858	0	0.325495293	0	0	0	0	0	3.826221159	3.711719182	92.48716261	72.43743623	129.6104845	95.95979203	20.57517253	11.46848618	7.661722025	0	0	0	0	0	0	0	0	0	83.71210236	97.6436219	72.45339735	78.02745453	23.68837125	0	0.147962472	0	0	0	0	1.482597775	0.854719713	5.569805507	4.278909216	0.263722236	13.49004244	14.95295537	0.802641803	0.501304216	0	0.329715927	0.450010891	9.834943013	11.03957252	4.718899394	11.01074359	11.02209101	4.478912101	6.466859692	11.67157547	12.44146954	0	9.328603022	0.726186292	0	0	0	0
OTU_9	0	23.6730017	0	153.0491105	44.30913003	305.5205947	182.7851978	207.5938001	0	0	0	0	0	0	0	0	0	0	0.146156839	0.320446702	115.4028767	0	470.8779561	275.6895172	23.98035714	226.3083652	0	0	0	0	0	0	0	0	0	0	0	0	0	0	0	0	0	0.498431846	0	0	0	0	0	0	0	0	0	0	0	0	0	0	0	0	0	0	0	0	0
OTU_90	0	0	0	0	0	0	0	0	0	0	0	0	0	0	0	0	0	0	0	0	0	0	0	0	0	0	0	0	0	0	0	0	34.91914345	0	0	1.173696918	0	0	0	0	0	0	0	0	0	0	0	0	0	84.92095024	110.3957252	90.42728142	41.77091617	67.41667314	0	0	0	0	0	0.190379654	0	0	0	0	0
OTU_91	0	0	0	0	0	0	0	0	0	0	0	0	0.443871522	0	0	0	0	8.110480196	6.138587245	0	0	0	0	0	0	0	0	0	0	0	0	0	0	0	0	0	0	0	0	0	0	0	0.337251061	0	0.535094535	0	0.276535939	0	0	0	0	0	0	0	0	0	0	0	0	0	0	0	0	0	0
OTU_915	0	0	0	0	0	0	0	0	0	0	0	0	0	0	0	0	0	0	0	0	0	0	0	0	0	0	0	0	0.431270222	0	0	0	0	0	0.555974166	0	0	0	0	0	0	0.263722236	0	0	3.745661746	5.01304216	3.318431268	2.637727418	0.450010891	0	0	0	0	0	0	0	0	0	0	0	0	1.503365472	1.357870523	1.609661083	1.936723693
OTU_94	0	0	0	0	0	0	0	0	19.44995756	11.42067441	13.98965485	29.31991466	19.53034698	23.39318313	0	0	0	0	0	0	0	0	0	0	0	0	20.56086725	8.215968186	4.743972445	1.727545119	10.47275361	0	0	0	0	0	0	38.54754216	11.96607598	1.060915335	21.39454608	10.81261169	4.384263794	1.993727382	0	0	0	0.329715927	0	0	0	0	0	0	0	23.92738086	14.42554272	12.88900442	113.0631098	11.0420199	35.76467487	15.28421563	0	63.09871445	32.27872822
OTU_95	0	0	0	0	0	0	0	0	0	0	0	0	0	0	0	0.796422651	2.498387617	0.434490011	1.169254713	0	0	0	0	0	0	0	0	0	0	0	0.249351276	0.326433876	0	0	0	0	0	2.223896663	2.564159139	2.917517171	6.180646646	0.791166709	2.698008488	4.984318456	0	0	0	0	0.450010891	0	0	0	0	0	0	3.718444323	3.016249841	10.56182307	0	10.47088094	0	0	0	0	0
OTU_964	0	0	0	0	0	0	0	0	0	0	5.051819806	0	0	0	0	0	0	0	0	0	0	0	0	0	0	0	0	0	0	0	0	0	0	0	0	0	0	0	0	0	0	0	0	0	13.64491064	28.07303609	5.530718779	16.81551229	16.65040296	0	0	0	0	0	0	0	0	0	0	0	0	9.771875568	29.53368386	14.16501753	13.23427857
OTU_97	0	0	0	0	0	0	0	0	0	0	0	0	0	0	0.18048397	0	0	0	0	0	0	0	0	0	0	0	0	0	0	0	0	0	0	0	0	0	0	20.38571941	25.92649797	33.68406188	60.38016339	23.2075568	19.22331048	38.37925211	0	0	0	0	0	0	0	0	0	0	0	5.65850223	41.3095087	27.12061347	41.57195122	18.65720604	26.86889279	65.89751986	77.05915215	75.97600312	71.33598938
OTU_974	0	0	0	0	0	0	0	0	0	0	0	0	0	0	0	0	0	0	0	0	0	0	0	0	0	0	0	0	0	0	0	0	0	0	0.555974166	0	0	0	0	0	0	0	0	0	0	0	0	0	0.450010891	0	0	0	0	0	0	0	0	0	0	0	0	0	0	0	0
OTU_98	1.319126861	0	0.650990586	0	0	0	0	0	0	0	0	0	0	0	0	0.637138121	0.832795872	0	0	0	0	2.003070211	0	0	0	0	0	0	0	0	0	4.570074261	16.86772184	11.46914937	2.779870829	8.215878426	1.199837389	0	0	0	0	0	0	0	0	0	0	0	0	16.07634916	41.11840781	14.81514926	27.43947213	31.99616709	33.38825384	0	0	0	0	0	0.181546573	0	0	0	0
